NVIDIA_GeForce_RTX_2080_SUPER
Final results:	16	4096	4096	7	1	124	269	269
Final results:	16	4096	4096	7	0.9	117	286	257
Final results:	16	4096	4096	7	0.8	104	321	257
Final results:	16	4096	4096	7	0.7	97	345	242
Final results:	16	4096	4096	7	0.6	85	394	236
Final results:	16	4096	4096	7	0.5	75	443	221
Final results:	16	4096	4096	7	0.4	64	518	207
Final results:	16	4096	4096	7	0.3	53	627	188
Final results:	16	4096	4096	7	0.2	44	758	151
Final results:	16	4096	4096	7	0.1	31	1076	107
Final results:	16	4096	4096	7	0.09	30	1111	100
Final results:	16	4096	4096	7	0.08	28	1161	92
Final results:	16	4096	4096	7	0.07	27	1227	85
Final results:	16	4096	4096	7	0.06	24	1374	82
Final results:	16	4096	4096	7	0.05	20	1614	80
Final results:	16	4096	4096	7	0.04	18	1786	71
Final results:	16	4096	4096	7	0.03	16	1985	59
Final results:	16	4096	4096	7	0.02	15	2230	44
Final results:	16	4096	4096	7	0.01	13	2545	25
Final results:	16	4096	4096	3	1	495	67	67
Final results:	16	4096	4096	3	0.9	427	78	70
Final results:	16	4096	4096	3	0.8	333	100	80
Final results:	16	4096	4096	3	0.7	261	128	89
Final results:	16	4096	4096	3	0.6	205	163	98
Final results:	16	4096	4096	3	0.5	155	215	107
Final results:	16	4096	4096	3	0.4	113	294	117
Final results:	16	4096	4096	3	0.3	83	402	120
Final results:	16	4096	4096	3	0.2	60	555	111
Final results:	16	4096	4096	3	0.1	40	830	83
Final results:	16	4096	4096	3	0.09	37	884	79
Final results:	16	4096	4096	3	0.08	35	935	74
Final results:	16	4096	4096	3	0.07	33	1003	70
Final results:	16	4096	4096	3	0.06	31	1075	64
Final results:	16	4096	4096	3	0.05	28	1157	57
Final results:	16	4096	4096	3	0.04	26	1249	49
Final results:	16	4096	4096	3	0.03	24	1376	41
Final results:	16	4096	4096	3	0.02	20	1630	32
Final results:	16	4096	4096	3	0.01	16	2017	20
Final results:	16	4096	4096	2	1	86	387	387
Final results:	16	4096	4096	2	0.9	86	387	348
Final results:	16	4096	4096	2	0.8	86	387	310
Final results:	16	4096	4096	2	0.7	86	387	271
Final results:	16	4096	4096	2	0.6	86	386	232
Final results:	16	4096	4096	2	0.5	86	386	193
Final results:	16	4096	4096	2	0.4	86	388	155
Final results:	16	4096	4096	2	0.3	86	388	116
Final results:	16	4096	4096	2	0.2	86	386	77
Final results:	16	4096	4096	2	0.1	86	387	38
Final results:	16	4096	4096	2	0.09	86	386	34
Final results:	16	4096	4096	2	0.08	86	388	31
Final results:	16	4096	4096	2	0.07	86	388	27
Final results:	16	4096	4096	2	0.06	86	387	23
Final results:	16	4096	4096	2	0.05	86	386	19
Final results:	16	4096	4096	2	0.04	86	386	15
Final results:	16	4096	4096	2	0.03	86	386	11
Final results:	16	4096	4096	2	0.02	86	386	7
Final results:	16	4096	4096	2	0.01	86	387	3
Final results:	16	8192	8192	7	1	470	285	285
Final results:	16	8192	8192	7	0.9	433	309	278
Final results:	16	8192	8192	7	0.8	388	345	276
Final results:	16	8192	8192	7	0.7	347	386	270
Final results:	16	8192	8192	7	0.6	303	441	265
Final results:	16	8192	8192	7	0.5	258	518	259
Final results:	16	8192	8192	7	0.4	213	629	251
Final results:	16	8192	8192	7	0.3	168	797	239
Final results:	16	8192	8192	7	0.2	128	1043	208
Final results:	16	8192	8192	7	0.1	88	1508	150
Final results:	16	8192	8192	7	0.09	81	1643	147
Final results:	16	8192	8192	7	0.08	76	1756	140
Final results:	16	8192	8192	7	0.07	71	1880	131
Final results:	16	8192	8192	7	0.06	63	2117	127
Final results:	16	8192	8192	7	0.05	56	2381	119
Final results:	16	8192	8192	7	0.04	50	2666	106
Final results:	16	8192	8192	7	0.03	41	3250	97
Final results:	16	8192	8192	7	0.02	32	4190	83
Final results:	16	8192	8192	7	0.01	25	5227	52
Final results:	16	8192	8192	3	1	4233	31	31
Final results:	16	8192	8192	3	0.9	3627	37	33
Final results:	16	8192	8192	3	0.8	2891	46	37
Final results:	16	8192	8192	3	0.7	2214	60	42
Final results:	16	8192	8192	3	0.6	1618	82	49
Final results:	16	8192	8192	3	0.5	1080	124	62
Final results:	16	8192	8192	3	0.4	680	197	78
Final results:	16	8192	8192	3	0.3	416	322	96
Final results:	16	8192	8192	3	0.2	229	584	116
Final results:	16	8192	8192	3	0.1	112	1197	119
Final results:	16	8192	8192	3	0.09	103	1295	116
Final results:	16	8192	8192	3	0.08	96	1396	111
Final results:	16	8192	8192	3	0.07	88	1515	106
Final results:	16	8192	8192	3	0.06	80	1667	100
Final results:	16	8192	8192	3	0.05	70	1901	95
Final results:	16	8192	8192	3	0.04	60	2210	88
Final results:	16	8192	8192	3	0.03	50	2661	79
Final results:	16	8192	8192	3	0.02	40	3319	66
Final results:	16	8192	8192	3	0.01	28	4766	47
Final results:	16	8192	8192	2	1	323	414	414
Final results:	16	8192	8192	2	0.9	323	414	373
Final results:	16	8192	8192	2	0.8	324	413	331
Final results:	16	8192	8192	2	0.7	323	414	290
Final results:	16	8192	8192	2	0.6	323	414	248
Final results:	16	8192	8192	2	0.5	323	414	207
Final results:	16	8192	8192	2	0.4	323	414	165
Final results:	16	8192	8192	2	0.3	323	414	124
Final results:	16	8192	8192	2	0.2	323	414	82
Final results:	16	8192	8192	2	0.1	324	413	41
Final results:	16	8192	8192	2	0.09	324	414	37
Final results:	16	8192	8192	2	0.08	323	414	33
Final results:	16	8192	8192	2	0.07	323	414	29
Final results:	16	8192	8192	2	0.06	323	414	24
Final results:	16	8192	8192	2	0.05	323	414	20
Final results:	16	8192	8192	2	0.04	323	414	16
Final results:	16	8192	8192	2	0.03	323	414	12
Final results:	16	8192	8192	2	0.02	323	414	8
Final results:	16	8192	8192	2	0.01	323	414	4
Final results:	16	8192	29568	7	1	1667	290	290
Final results:	16	8192	29568	7	0.9	1501	322	290
Final results:	16	8192	29568	7	0.8	1348	359	287
Final results:	16	8192	29568	7	0.7	1183	409	286
Final results:	16	8192	29568	7	0.6	1038	466	279
Final results:	16	8192	29568	7	0.5	870	556	278
Final results:	16	8192	29568	7	0.4	709	682	273
Final results:	16	8192	29568	7	0.3	555	871	261
Final results:	16	8192	29568	7	0.2	406	1190	238
Final results:	16	8192	29568	7	0.1	273	1770	177
Final results:	16	8192	29568	7	0.09	254	1907	171
Final results:	16	8192	29568	7	0.08	232	2082	166
Final results:	16	8192	29568	7	0.07	209	2311	161
Final results:	16	8192	29568	7	0.06	186	2602	156
Final results:	16	8192	29568	7	0.05	160	3010	150
Final results:	16	8192	29568	7	0.04	135	3570	142
Final results:	16	8192	29568	7	0.03	108	4446	133
Final results:	16	8192	29568	7	0.02	82	5858	117
Final results:	16	8192	29568	7	0.01	56	8602	86
Final results:	16	8192	29568	3	1	52520	9	9
Final results:	16	8192	29568	3	0.9	43530	11	10
Final results:	16	8192	29568	3	0.8	34748	13	11
Final results:	16	8192	29568	3	0.7	27128	17	12
Final results:	16	8192	29568	3	0.6	20158	24	14
Final results:	16	8192	29568	3	0.5	14200	34	17
Final results:	16	8192	29568	3	0.4	9248	52	20
Final results:	16	8192	29568	3	0.3	5318	91	27
Final results:	16	8192	29568	3	0.2	2495	194	38
Final results:	16	8192	29568	3	0.1	732	661	66
Final results:	16	8192	29568	3	0.09	621	779	70
Final results:	16	8192	29568	3	0.08	519	931	74
Final results:	16	8192	29568	3	0.07	425	1139	79
Final results:	16	8192	29568	3	0.06	361	1339	80
Final results:	16	8192	29568	3	0.05	299	1618	80
Final results:	16	8192	29568	3	0.04	245	1970	78
Final results:	16	8192	29568	3	0.03	200	2411	72
Final results:	16	8192	29568	3	0.02	148	3266	65
Final results:	16	8192	29568	3	0.01	86	5630	56
Final results:	16	8192	29568	2	1	1124	430	430
Final results:	16	8192	29568	2	0.9	1128	429	386
Final results:	16	8192	29568	2	0.8	1128	429	343
Final results:	16	8192	29568	2	0.7	1129	429	300
Final results:	16	8192	29568	2	0.6	1128	429	257
Final results:	16	8192	29568	2	0.5	1128	429	214
Final results:	16	8192	29568	2	0.4	1127	429	171
Final results:	16	8192	29568	2	0.3	1127	429	128
Final results:	16	8192	29568	2	0.2	1129	428	85
Final results:	16	8192	29568	2	0.1	1124	430	43
Final results:	16	8192	29568	2	0.09	1129	428	38
Final results:	16	8192	29568	2	0.08	1129	429	34
Final results:	16	8192	29568	2	0.07	1129	428	30
Final results:	16	8192	29568	2	0.06	1129	429	25
Final results:	16	8192	29568	2	0.05	1125	430	21
Final results:	16	8192	29568	2	0.04	1127	429	17
Final results:	16	8192	29568	2	0.03	1127	429	12
Final results:	16	8192	29568	2	0.02	1122	431	8
Final results:	16	8192	29568	2	0.01	1127	429	4
Final results:	16	32000	5120	7	1	1077	304	304
Final results:	16	32000	5120	7	0.9	1010	324	291
Final results:	16	32000	5120	7	0.8	904	362	289
Final results:	16	32000	5120	7	0.7	799	409	286
Final results:	16	32000	5120	7	0.6	692	472	283
Final results:	16	32000	5120	7	0.5	585	559	279
Final results:	16	32000	5120	7	0.4	484	676	270
Final results:	16	32000	5120	7	0.3	372	879	263
Final results:	16	32000	5120	7	0.2	279	1171	234
Final results:	16	32000	5120	7	0.1	196	1664	166
Final results:	16	32000	5120	7	0.09	178	1836	165
Final results:	16	32000	5120	7	0.08	167	1951	156
Final results:	16	32000	5120	7	0.07	156	2088	146
Final results:	16	32000	5120	7	0.06	143	2279	136
Final results:	16	32000	5120	7	0.05	129	2536	126
Final results:	16	32000	5120	7	0.04	106	3073	122
Final results:	16	32000	5120	7	0.03	95	3423	102
Final results:	16	32000	5120	7	0.02	84	3894	77
Final results:	16	32000	5120	7	0.01	73	4480	44
Final results:	16	32000	5120	3	1	6265	52	52
Final results:	16	32000	5120	3	0.9	5337	61	55
Final results:	16	32000	5120	3	0.8	4063	80	64
Final results:	16	32000	5120	3	0.7	3056	107	75
Final results:	16	32000	5120	3	0.6	2223	147	88
Final results:	16	32000	5120	3	0.5	1617	202	101
Final results:	16	32000	5120	3	0.4	1126	290	116
Final results:	16	32000	5120	3	0.3	730	448	134
Final results:	16	32000	5120	3	0.2	456	717	143
Final results:	16	32000	5120	3	0.1	254	1285	128
Final results:	16	32000	5120	3	0.09	233	1405	126
Final results:	16	32000	5120	3	0.08	209	1561	124
Final results:	16	32000	5120	3	0.07	188	1739	121
Final results:	16	32000	5120	3	0.06	166	1967	118
Final results:	16	32000	5120	3	0.05	143	2276	113
Final results:	16	32000	5120	3	0.04	122	2666	106
Final results:	16	32000	5120	3	0.03	101	3238	97
Final results:	16	32000	5120	3	0.02	75	4362	87
Final results:	16	32000	5120	3	0.01	45	7171	71
Final results:	16	32000	5120	2	1	769	425	425
Final results:	16	32000	5120	2	0.9	769	425	383
Final results:	16	32000	5120	2	0.8	769	425	340
Final results:	16	32000	5120	2	0.7	769	425	298
Final results:	16	32000	5120	2	0.6	769	425	255
Final results:	16	32000	5120	2	0.5	769	425	212
Final results:	16	32000	5120	2	0.4	769	425	170
Final results:	16	32000	5120	2	0.3	769	425	127
Final results:	16	32000	5120	2	0.2	769	425	85
Final results:	16	32000	5120	2	0.1	769	425	42
Final results:	16	32000	5120	2	0.09	769	425	38
Final results:	16	32000	5120	2	0.08	769	425	34
Final results:	16	32000	5120	2	0.07	769	425	29
Final results:	16	32000	5120	2	0.06	770	425	25
Final results:	16	32000	5120	2	0.05	769	425	21
Final results:	16	32000	5120	2	0.04	769	425	17
Final results:	16	32000	5120	2	0.03	769	425	12
Final results:	16	32000	5120	2	0.02	769	425	8
Final results:	16	32000	5120	2	0.01	769	425	4
Final results:	16	32000	8192	7	1	1702	308	308
Final results:	16	32000	8192	7	0.9	1568	334	300
Final results:	16	32000	8192	7	0.8	1401	374	299
Final results:	16	32000	8192	7	0.7	1239	423	296
Final results:	16	32000	8192	7	0.6	1068	490	294
Final results:	16	32000	8192	7	0.5	903	580	290
Final results:	16	32000	8192	7	0.4	732	715	286
Final results:	16	32000	8192	7	0.3	564	928	278
Final results:	16	32000	8192	7	0.2	421	1244	248
Final results:	16	32000	8192	7	0.1	290	1807	180
Final results:	16	32000	8192	7	0.09	265	1977	177
Final results:	16	32000	8192	7	0.08	244	2144	171
Final results:	16	32000	8192	7	0.07	229	2289	160
Final results:	16	32000	8192	7	0.06	202	2594	155
Final results:	16	32000	8192	7	0.05	177	2959	147
Final results:	16	32000	8192	7	0.04	156	3355	134
Final results:	16	32000	8192	7	0.03	127	4122	123
Final results:	16	32000	8192	7	0.02	98	5310	106
Final results:	16	32000	8192	7	0.01	81	6468	64
Final results:	16	32000	8192	3	1	16447	31	31
Final results:	16	32000	8192	3	0.9	14087	37	33
Final results:	16	32000	8192	3	0.8	11227	46	37
Final results:	16	32000	8192	3	0.7	8586	61	42
Final results:	16	32000	8192	3	0.6	6255	83	50
Final results:	16	32000	8192	3	0.5	4151	126	63
Final results:	16	32000	8192	3	0.4	2592	202	80
Final results:	16	32000	8192	3	0.3	1573	333	99
Final results:	16	32000	8192	3	0.2	848	617	123
Final results:	16	32000	8192	3	0.1	392	1336	133
Final results:	16	32000	8192	3	0.09	357	1465	131
Final results:	16	32000	8192	3	0.08	328	1597	127
Final results:	16	32000	8192	3	0.07	298	1753	122
Final results:	16	32000	8192	3	0.06	266	1965	117
Final results:	16	32000	8192	3	0.05	228	2293	114
Final results:	16	32000	8192	3	0.04	191	2741	109
Final results:	16	32000	8192	3	0.03	151	3453	103
Final results:	16	32000	8192	3	0.02	113	4618	92
Final results:	16	32000	8192	3	0.01	67	7794	77
Final results:	16	32000	8192	2	1	1201	436	436
Final results:	16	32000	8192	2	0.9	1201	436	392
Final results:	16	32000	8192	2	0.8	1201	436	348
Final results:	16	32000	8192	2	0.7	1201	436	305
Final results:	16	32000	8192	2	0.6	1201	436	261
Final results:	16	32000	8192	2	0.5	1201	436	218
Final results:	16	32000	8192	2	0.4	1202	436	174
Final results:	16	32000	8192	2	0.3	1201	436	130
Final results:	16	32000	8192	2	0.2	1201	436	87
Final results:	16	32000	8192	2	0.1	1201	436	43
Final results:	16	32000	8192	2	0.09	1201	436	39
Final results:	16	32000	8192	2	0.08	1201	436	34
Final results:	16	32000	8192	2	0.07	1201	436	30
Final results:	16	32000	8192	2	0.06	1203	435	26
Final results:	16	32000	8192	2	0.05	1203	435	21
Final results:	16	32000	8192	2	0.04	1202	435	17
Final results:	16	32000	8192	2	0.03	1203	435	13
Final results:	16	32000	8192	2	0.02	1203	435	8
Final results:	16	32000	8192	2	0.01	1203	435	4
Final results:	16	28672	8192	7	1	1526	307	307
Final results:	16	28672	8192	7	0.9	1410	333	299
Final results:	16	28672	8192	7	0.8	1256	373	299
Final results:	16	28672	8192	7	0.7	1109	423	296
Final results:	16	28672	8192	7	0.6	963	487	292
Final results:	16	28672	8192	7	0.5	812	578	289
Final results:	16	28672	8192	7	0.4	658	712	285
Final results:	16	28672	8192	7	0.3	507	925	277
Final results:	16	28672	8192	7	0.2	381	1232	246
Final results:	16	28672	8192	7	0.1	261	1796	179
Final results:	16	28672	8192	7	0.09	239	1963	176
Final results:	16	28672	8192	7	0.08	221	2118	169
Final results:	16	28672	8192	7	0.07	206	2278	159
Final results:	16	28672	8192	7	0.06	181	2588	155
Final results:	16	28672	8192	7	0.05	159	2941	147
Final results:	16	28672	8192	7	0.04	140	3336	133
Final results:	16	28672	8192	7	0.03	115	4079	122
Final results:	16	28672	8192	7	0.02	89	5261	105
Final results:	16	28672	8192	7	0.01	73	6418	64
Final results:	16	28672	8192	3	1	14755	31	31
Final results:	16	28672	8192	3	0.9	12635	37	33
Final results:	16	28672	8192	3	0.8	10068	46	37
Final results:	16	28672	8192	3	0.7	7702	60	42
Final results:	16	28672	8192	3	0.6	5615	83	50
Final results:	16	28672	8192	3	0.5	3728	125	62
Final results:	16	28672	8192	3	0.4	2323	202	80
Final results:	16	28672	8192	3	0.3	1413	332	99
Final results:	16	28672	8192	3	0.2	763	615	123
Final results:	16	28672	8192	3	0.1	350	1340	134
Final results:	16	28672	8192	3	0.09	322	1454	130
Final results:	16	28672	8192	3	0.08	295	1590	127
Final results:	16	28672	8192	3	0.07	269	1744	122
Final results:	16	28672	8192	3	0.06	240	1957	117
Final results:	16	28672	8192	3	0.05	206	2271	113
Final results:	16	28672	8192	3	0.04	172	2716	108
Final results:	16	28672	8192	3	0.03	137	3404	102
Final results:	16	28672	8192	3	0.02	104	4516	90
Final results:	16	28672	8192	3	0.01	62	7544	75
Final results:	16	28672	8192	2	1	1086	432	432
Final results:	16	28672	8192	2	0.9	1085	432	389
Final results:	16	28672	8192	2	0.8	1085	432	346
Final results:	16	28672	8192	2	0.7	1085	432	302
Final results:	16	28672	8192	2	0.6	1086	432	259
Final results:	16	28672	8192	2	0.5	1086	432	216
Final results:	16	28672	8192	2	0.4	1086	432	173
Final results:	16	28672	8192	2	0.3	1086	432	129
Final results:	16	28672	8192	2	0.2	1086	432	86
Final results:	16	28672	8192	2	0.1	1086	432	43
Final results:	16	28672	8192	2	0.09	1085	432	38
Final results:	16	28672	8192	2	0.08	1086	432	34
Final results:	16	28672	8192	2	0.07	1086	432	30
Final results:	16	28672	8192	2	0.06	1086	432	25
Final results:	16	28672	8192	2	0.05	1085	432	21
Final results:	16	28672	8192	2	0.04	1086	432	17
Final results:	16	28672	8192	2	0.03	1086	432	12
Final results:	16	28672	8192	2	0.02	1086	432	8
Final results:	16	28672	8192	2	0.01	1086	432	4
Final results:	16	5120	5120	7	1	198	263	263
Final results:	16	5120	5120	7	0.9	186	281	252
Final results:	16	5120	5120	7	0.8	167	312	249
Final results:	16	5120	5120	7	0.7	151	346	242
Final results:	16	5120	5120	7	0.6	133	392	235
Final results:	16	5120	5120	7	0.5	115	452	226
Final results:	16	5120	5120	7	0.4	98	534	213
Final results:	16	5120	5120	7	0.3	80	654	196
Final results:	16	5120	5120	7	0.2	62	834	166
Final results:	16	5120	5120	7	0.1	44	1171	117
Final results:	16	5120	5120	7	0.09	40	1302	117
Final results:	16	5120	5120	7	0.08	38	1366	109
Final results:	16	5120	5120	7	0.07	36	1448	101
Final results:	16	5120	5120	7	0.06	34	1539	92
Final results:	16	5120	5120	7	0.05	30	1715	85
Final results:	16	5120	5120	7	0.04	24	2104	84
Final results:	16	5120	5120	7	0.03	22	2365	70
Final results:	16	5120	5120	7	0.02	19	2730	54
Final results:	16	5120	5120	7	0.01	16	3144	31
Final results:	16	5120	5120	3	1	1016	51	51
Final results:	16	5120	5120	3	0.9	865	60	54
Final results:	16	5120	5120	3	0.8	664	78	63
Final results:	16	5120	5120	3	0.7	503	104	72
Final results:	16	5120	5120	3	0.6	370	141	85
Final results:	16	5120	5120	3	0.5	271	192	96
Final results:	16	5120	5120	3	0.4	193	270	108
Final results:	16	5120	5120	3	0.3	129	403	121
Final results:	16	5120	5120	3	0.2	86	607	121
Final results:	16	5120	5120	3	0.1	54	963	96
Final results:	16	5120	5120	3	0.09	50	1028	92
Final results:	16	5120	5120	3	0.08	47	1109	88
Final results:	16	5120	5120	3	0.07	43	1205	84
Final results:	16	5120	5120	3	0.06	39	1315	78
Final results:	16	5120	5120	3	0.05	36	1441	72
Final results:	16	5120	5120	3	0.04	32	1607	64
Final results:	16	5120	5120	3	0.03	28	1808	54
Final results:	16	5120	5120	3	0.02	24	2097	41
Final results:	16	5120	5120	3	0.01	19	2718	27
Final results:	16	5120	5120	2	1	132	394	394
Final results:	16	5120	5120	2	0.9	132	395	355
Final results:	16	5120	5120	2	0.8	132	395	316
Final results:	16	5120	5120	2	0.7	132	394	276
Final results:	16	5120	5120	2	0.6	132	395	237
Final results:	16	5120	5120	2	0.5	132	395	197
Final results:	16	5120	5120	2	0.4	132	394	157
Final results:	16	5120	5120	2	0.3	132	394	118
Final results:	16	5120	5120	2	0.2	132	394	78
Final results:	16	5120	5120	2	0.1	132	394	39
Final results:	16	5120	5120	2	0.09	132	394	35
Final results:	16	5120	5120	2	0.08	132	395	31
Final results:	16	5120	5120	2	0.07	132	395	27
Final results:	16	5120	5120	2	0.06	132	394	23
Final results:	16	5120	5120	2	0.05	132	395	19
Final results:	16	5120	5120	2	0.04	132	395	15
Final results:	16	5120	5120	2	0.03	132	395	11
Final results:	16	5120	5120	2	0.02	132	395	7
Final results:	16	5120	5120	2	0.01	132	395	3
Final results:	16	5120	13824	7	1	524	269	269
Final results:	16	5120	13824	7	0.9	468	302	271
Final results:	16	5120	13824	7	0.8	422	334	267
Final results:	16	5120	13824	7	0.7	371	380	266
Final results:	16	5120	13824	7	0.6	326	433	260
Final results:	16	5120	13824	7	0.5	280	505	252
Final results:	16	5120	13824	7	0.4	233	606	242
Final results:	16	5120	13824	7	0.3	182	777	233
Final results:	16	5120	13824	7	0.2	137	1030	206
Final results:	16	5120	13824	7	0.1	92	1526	152
Final results:	16	5120	13824	7	0.09	86	1635	147
Final results:	16	5120	13824	7	0.08	81	1737	139
Final results:	16	5120	13824	7	0.07	72	1945	136
Final results:	16	5120	13824	7	0.06	67	2103	126
Final results:	16	5120	13824	7	0.05	58	2433	121
Final results:	16	5120	13824	7	0.04	51	2725	109
Final results:	16	5120	13824	7	0.03	43	3282	98
Final results:	16	5120	13824	7	0.02	33	4169	83
Final results:	16	5120	13824	7	0.01	22	6325	63
Final results:	16	5120	13824	3	1	7478	18	18
Final results:	16	5120	13824	3	0.9	6269	22	20
Final results:	16	5120	13824	3	0.8	4991	28	22
Final results:	16	5120	13824	3	0.7	3849	36	25
Final results:	16	5120	13824	3	0.6	2848	49	29
Final results:	16	5120	13824	3	0.5	2009	70	35
Final results:	16	5120	13824	3	0.4	1292	109	43
Final results:	16	5120	13824	3	0.3	707	200	60
Final results:	16	5120	13824	3	0.2	332	425	85
Final results:	16	5120	13824	3	0.1	130	1086	108
Final results:	16	5120	13824	3	0.09	117	1202	108
Final results:	16	5120	13824	3	0.08	106	1326	106
Final results:	16	5120	13824	3	0.07	96	1474	103
Final results:	16	5120	13824	3	0.06	86	1634	98
Final results:	16	5120	13824	3	0.05	77	1833	91
Final results:	16	5120	13824	3	0.04	67	2089	83
Final results:	16	5120	13824	3	0.03	56	2497	74
Final results:	16	5120	13824	3	0.02	43	3226	64
Final results:	16	5120	13824	3	0.01	31	4551	45
Final results:	16	5120	13824	2	1	352	401	401
Final results:	16	5120	13824	2	0.9	352	401	361
Final results:	16	5120	13824	2	0.8	352	401	321
Final results:	16	5120	13824	2	0.7	352	401	281
Final results:	16	5120	13824	2	0.6	352	401	241
Final results:	16	5120	13824	2	0.5	352	401	200
Final results:	16	5120	13824	2	0.4	352	401	160
Final results:	16	5120	13824	2	0.3	352	401	120
Final results:	16	5120	13824	2	0.2	352	401	80
Final results:	16	5120	13824	2	0.1	352	401	40
Final results:	16	5120	13824	2	0.09	352	401	36
Final results:	16	5120	13824	2	0.08	352	401	32
Final results:	16	5120	13824	2	0.07	352	401	28
Final results:	16	5120	13824	2	0.06	352	401	24
Final results:	16	5120	13824	2	0.05	352	401	20
Final results:	16	5120	13824	2	0.04	352	401	16
Final results:	16	5120	13824	2	0.03	352	401	12
Final results:	16	5120	13824	2	0.02	352	401	8
Final results:	16	5120	13824	2	0.01	352	401	4
Final results:	16	3584	20480	7	1	549	267	267
Final results:	16	3584	20480	7	0.9	498	294	264
Final results:	16	3584	20480	7	0.8	445	329	263
Final results:	16	3584	20480	7	0.7	398	368	258
Final results:	16	3584	20480	7	0.6	348	420	252
Final results:	16	3584	20480	7	0.5	299	490	245
Final results:	16	3584	20480	7	0.4	247	592	236
Final results:	16	3584	20480	7	0.3	197	744	223
Final results:	16	3584	20480	7	0.2	149	984	196
Final results:	16	3584	20480	7	0.1	100	1465	146
Final results:	16	3584	20480	7	0.09	93	1566	140
Final results:	16	3584	20480	7	0.08	85	1717	137
Final results:	16	3584	20480	7	0.07	78	1877	131
Final results:	16	3584	20480	7	0.06	70	2079	124
Final results:	16	3584	20480	7	0.05	62	2343	117
Final results:	16	3584	20480	7	0.04	54	2694	107
Final results:	16	3584	20480	7	0.03	44	3294	98
Final results:	16	3584	20480	7	0.02	35	4192	83
Final results:	16	3584	20480	7	0.01	22	6449	64
Final results:	16	3584	20480	3	1	11256	13	13
Final results:	16	3584	20480	3	0.9	9378	15	14
Final results:	16	3584	20480	3	0.8	7499	19	15
Final results:	16	3584	20480	3	0.7	5805	25	17
Final results:	16	3584	20480	3	0.6	4315	34	20
Final results:	16	3584	20480	3	0.5	3037	48	24
Final results:	16	3584	20480	3	0.4	1968	74	29
Final results:	16	3584	20480	3	0.3	1138	128	38
Final results:	16	3584	20480	3	0.2	518	283	56
Final results:	16	3584	20480	3	0.1	171	853	85
Final results:	16	3584	20480	3	0.09	149	982	88
Final results:	16	3584	20480	3	0.08	131	1113	89
Final results:	16	3584	20480	3	0.07	114	1278	89
Final results:	16	3584	20480	3	0.06	100	1460	87
Final results:	16	3584	20480	3	0.05	88	1666	83
Final results:	16	3584	20480	3	0.04	77	1883	75
Final results:	16	3584	20480	3	0.03	66	2217	66
Final results:	16	3584	20480	3	0.02	50	2885	57
Final results:	16	3584	20480	3	0.01	34	4267	42
Final results:	16	3584	20480	2	1	358	409	409
Final results:	16	3584	20480	2	0.9	358	409	368
Final results:	16	3584	20480	2	0.8	358	409	327
Final results:	16	3584	20480	2	0.7	358	409	286
Final results:	16	3584	20480	2	0.6	358	409	245
Final results:	16	3584	20480	2	0.5	358	409	204
Final results:	16	3584	20480	2	0.4	358	409	163
Final results:	16	3584	20480	2	0.3	358	409	122
Final results:	16	3584	20480	2	0.2	358	409	81
Final results:	16	3584	20480	2	0.1	358	409	40
Final results:	16	3584	20480	2	0.09	358	409	36
Final results:	16	3584	20480	2	0.08	358	409	32
Final results:	16	3584	20480	2	0.07	358	409	28
Final results:	16	3584	20480	2	0.06	358	409	24
Final results:	16	3584	20480	2	0.05	358	409	20
Final results:	16	3584	20480	2	0.04	358	409	16
Final results:	16	3584	20480	2	0.03	358	409	12
Final results:	16	3584	20480	2	0.02	358	409	8
Final results:	16	3584	20480	2	0.01	358	409	4
Final results:	16	4096	11008	7	1	309	291	291
Final results:	16	4096	11008	7	0.9	282	319	287
Final results:	16	4096	11008	7	0.8	254	354	283
Final results:	16	4096	11008	7	0.7	239	376	263
Final results:	16	4096	11008	7	0.6	197	457	274
Final results:	16	4096	11008	7	0.5	173	520	260
Final results:	16	4096	11008	7	0.4	143	628	251
Final results:	16	4096	11008	7	0.3	115	777	233
Final results:	16	4096	11008	7	0.2	89	1007	201
Final results:	16	4096	11008	7	0.1	62	1447	144
Final results:	16	4096	11008	7	0.09	57	1556	140
Final results:	16	4096	11008	7	0.08	54	1662	132
Final results:	16	4096	11008	7	0.07	50	1784	124
Final results:	16	4096	11008	7	0.06	45	1978	118
Final results:	16	4096	11008	7	0.05	42	2144	107
Final results:	16	4096	11008	7	0.04	36	2497	99
Final results:	16	4096	11008	7	0.03	31	2864	85
Final results:	16	4096	11008	7	0.02	22	3960	79
Final results:	16	4096	11008	7	0.01	16	5333	53
Final results:	16	4096	11008	3	1	3828	23	23
Final results:	16	4096	11008	3	0.9	3236	27	25
Final results:	16	4096	11008	3	0.8	2573	35	28
Final results:	16	4096	11008	3	0.7	1992	45	31
Final results:	16	4096	11008	3	0.6	1484	60	36
Final results:	16	4096	11008	3	0.5	1035	87	43
Final results:	16	4096	11008	3	0.4	650	138	55
Final results:	16	4096	11008	3	0.3	361	249	74
Final results:	16	4096	11008	3	0.2	191	469	93
Final results:	16	4096	11008	3	0.1	83	1079	107
Final results:	16	4096	11008	3	0.09	76	1174	105
Final results:	16	4096	11008	3	0.08	70	1274	101
Final results:	16	4096	11008	3	0.07	64	1392	97
Final results:	16	4096	11008	3	0.06	59	1516	90
Final results:	16	4096	11008	3	0.05	53	1671	83
Final results:	16	4096	11008	3	0.04	47	1895	75
Final results:	16	4096	11008	3	0.03	39	2258	67
Final results:	16	4096	11008	3	0.02	32	2776	55
Final results:	16	4096	11008	3	0.01	24	3700	37
Final results:	16	4096	11008	2	1	224	402	402
Final results:	16	4096	11008	2	0.9	224	401	361
Final results:	16	4096	11008	2	0.8	224	401	321
Final results:	16	4096	11008	2	0.7	224	402	281
Final results:	16	4096	11008	2	0.6	224	402	241
Final results:	16	4096	11008	2	0.5	224	402	201
Final results:	16	4096	11008	2	0.4	224	402	160
Final results:	16	4096	11008	2	0.3	224	402	120
Final results:	16	4096	11008	2	0.2	224	402	80
Final results:	16	4096	11008	2	0.1	224	401	40
Final results:	16	4096	11008	2	0.09	223	402	36
Final results:	16	4096	11008	2	0.08	224	401	32
Final results:	16	4096	11008	2	0.07	224	401	28
Final results:	16	4096	11008	2	0.06	224	402	24
Final results:	16	4096	11008	2	0.05	224	402	20
Final results:	16	4096	11008	2	0.04	224	401	16
Final results:	16	4096	11008	2	0.03	224	401	12
Final results:	16	4096	11008	2	0.02	224	402	8
Final results:	16	4096	11008	2	0.01	224	402	4
Final results:	16	13824	5120	7	1	478	295	295
Final results:	16	13824	5120	7	0.9	443	319	287
Final results:	16	13824	5120	7	0.8	396	357	285
Final results:	16	13824	5120	7	0.7	352	401	280
Final results:	16	13824	5120	7	0.6	307	460	276
Final results:	16	13824	5120	7	0.5	260	543	271
Final results:	16	13824	5120	7	0.4	216	653	261
Final results:	16	13824	5120	7	0.3	173	815	244
Final results:	16	13824	5120	7	0.2	131	1075	215
Final results:	16	13824	5120	7	0.1	93	1515	151
Final results:	16	13824	5120	7	0.09	83	1685	151
Final results:	16	13824	5120	7	0.08	79	1781	142
Final results:	16	13824	5120	7	0.07	74	1901	133
Final results:	16	13824	5120	7	0.06	69	2036	122
Final results:	16	13824	5120	7	0.05	62	2258	112
Final results:	16	13824	5120	7	0.04	51	2760	110
Final results:	16	13824	5120	7	0.03	45	3084	92
Final results:	16	13824	5120	7	0.02	39	3544	70
Final results:	16	13824	5120	7	0.01	33	4177	41
Final results:	16	13824	5120	3	1	2718	52	52
Final results:	16	13824	5120	3	0.9	2316	61	55
Final results:	16	13824	5120	3	0.8	1769	79	63
Final results:	16	13824	5120	3	0.7	1331	106	74
Final results:	16	13824	5120	3	0.6	972	145	87
Final results:	16	13824	5120	3	0.5	708	199	99
Final results:	16	13824	5120	3	0.4	497	284	113
Final results:	16	13824	5120	3	0.3	324	436	130
Final results:	16	13824	5120	3	0.2	205	688	137
Final results:	16	13824	5120	3	0.1	119	1183	118
Final results:	16	13824	5120	3	0.09	110	1282	115
Final results:	16	13824	5120	3	0.08	100	1406	112
Final results:	16	13824	5120	3	0.07	91	1553	108
Final results:	16	13824	5120	3	0.06	81	1734	104
Final results:	16	13824	5120	3	0.05	71	1967	98
Final results:	16	13824	5120	3	0.04	62	2270	90
Final results:	16	13824	5120	3	0.03	53	2670	80
Final results:	16	13824	5120	3	0.02	41	3405	68
Final results:	16	13824	5120	3	0.01	28	4909	49
Final results:	16	13824	5120	2	1	341	413	413
Final results:	16	13824	5120	2	0.9	342	413	372
Final results:	16	13824	5120	2	0.8	341	414	331
Final results:	16	13824	5120	2	0.7	341	414	290
Final results:	16	13824	5120	2	0.6	341	414	248
Final results:	16	13824	5120	2	0.5	341	414	207
Final results:	16	13824	5120	2	0.4	341	414	165
Final results:	16	13824	5120	2	0.3	341	414	124
Final results:	16	13824	5120	2	0.2	341	414	82
Final results:	16	13824	5120	2	0.1	342	413	41
Final results:	16	13824	5120	2	0.09	341	414	37
Final results:	16	13824	5120	2	0.08	341	414	33
Final results:	16	13824	5120	2	0.07	341	414	28
Final results:	16	13824	5120	2	0.06	341	414	24
Final results:	16	13824	5120	2	0.05	341	414	20
Final results:	16	13824	5120	2	0.04	342	413	16
Final results:	16	13824	5120	2	0.03	341	414	12
Final results:	16	13824	5120	2	0.02	341	414	8
Final results:	16	13824	5120	2	0.01	341	414	4
Final results:	16	18944	3584	7	1	464	292	292
Final results:	16	18944	3584	7	0.9	438	309	278
Final results:	16	18944	3584	7	0.8	402	337	270
Final results:	16	18944	3584	7	0.7	348	389	272
Final results:	16	18944	3584	7	0.6	312	434	260
Final results:	16	18944	3584	7	0.5	265	512	256
Final results:	16	18944	3584	7	0.4	214	634	253
Final results:	16	18944	3584	7	0.3	169	800	240
Final results:	16	18944	3584	7	0.2	128	1057	211
Final results:	16	18944	3584	7	0.1	93	1448	144
Final results:	16	18944	3584	7	0.09	89	1519	136
Final results:	16	18944	3584	7	0.08	85	1590	127
Final results:	16	18944	3584	7	0.07	78	1733	121
Final results:	16	18944	3584	7	0.06	67	2013	120
Final results:	16	18944	3584	7	0.05	62	2174	108
Final results:	16	18944	3584	7	0.04	58	2329	93
Final results:	16	18944	3584	7	0.03	52	2568	77
Final results:	16	18944	3584	7	0.02	48	2801	56
Final results:	16	18944	3584	7	0.01	42	3172	31
Final results:	16	18944	3584	3	1	1673	81	81
Final results:	16	18944	3584	3	0.9	1443	94	84
Final results:	16	18944	3584	3	0.8	1156	117	93
Final results:	16	18944	3584	3	0.7	923	147	102
Final results:	16	18944	3584	3	0.6	721	188	112
Final results:	16	18944	3584	3	0.5	536	253	126
Final results:	16	18944	3584	3	0.4	393	345	138
Final results:	16	18944	3584	3	0.3	284	477	143
Final results:	16	18944	3584	3	0.2	196	692	138
Final results:	16	18944	3584	3	0.1	113	1192	119
Final results:	16	18944	3584	3	0.09	105	1290	116
Final results:	16	18944	3584	3	0.08	96	1413	113
Final results:	16	18944	3584	3	0.07	86	1561	109
Final results:	16	18944	3584	3	0.06	78	1730	103
Final results:	16	18944	3584	3	0.05	70	1931	96
Final results:	16	18944	3584	3	0.04	61	2214	88
Final results:	16	18944	3584	3	0.03	51	2655	79
Final results:	16	18944	3584	3	0.02	39	3435	68
Final results:	16	18944	3584	3	0.01	28	4793	47
Final results:	16	18944	3584	2	1	330	410	410
Final results:	16	18944	3584	2	0.9	330	410	369
Final results:	16	18944	3584	2	0.8	330	410	328
Final results:	16	18944	3584	2	0.7	330	410	287
Final results:	16	18944	3584	2	0.6	330	410	246
Final results:	16	18944	3584	2	0.5	330	410	205
Final results:	16	18944	3584	2	0.4	330	410	164
Final results:	16	18944	3584	2	0.3	330	410	123
Final results:	16	18944	3584	2	0.2	330	410	82
Final results:	16	18944	3584	2	0.1	330	410	41
Final results:	16	18944	3584	2	0.09	330	410	36
Final results:	16	18944	3584	2	0.08	330	410	32
Final results:	16	18944	3584	2	0.07	330	410	28
Final results:	16	18944	3584	2	0.06	330	410	24
Final results:	16	18944	3584	2	0.05	330	410	20
Final results:	16	18944	3584	2	0.04	330	410	16
Final results:	16	18944	3584	2	0.03	330	410	12
Final results:	16	18944	3584	2	0.02	330	410	8
Final results:	16	18944	3584	2	0.01	330	410	4
Final results:	16	14336	4096	7	1	403	291	291
Final results:	16	14336	4096	7	0.9	385	304	274
Final results:	16	14336	4096	7	0.8	340	345	276
Final results:	16	14336	4096	7	0.7	311	377	264
Final results:	16	14336	4096	7	0.6	266	440	264
Final results:	16	14336	4096	7	0.5	230	509	254
Final results:	16	14336	4096	7	0.4	191	612	245
Final results:	16	14336	4096	7	0.3	145	805	241
Final results:	16	14336	4096	7	0.2	116	1005	201
Final results:	16	14336	4096	7	0.1	80	1461	146
Final results:	16	14336	4096	7	0.09	76	1530	137
Final results:	16	14336	4096	7	0.08	72	1614	129
Final results:	16	14336	4096	7	0.07	68	1715	120
Final results:	16	14336	4096	7	0.06	61	1905	114
Final results:	16	14336	4096	7	0.05	52	2252	112
Final results:	16	14336	4096	7	0.04	48	2436	97
Final results:	16	14336	4096	7	0.03	43	2694	80
Final results:	16	14336	4096	7	0.02	39	2988	59
Final results:	16	14336	4096	7	0.01	34	3408	34
Final results:	16	14336	4096	3	1	1702	68	68
Final results:	16	14336	4096	3	0.9	1468	79	71
Final results:	16	14336	4096	3	0.8	1131	103	83
Final results:	16	14336	4096	3	0.7	880	133	93
Final results:	16	14336	4096	3	0.6	683	171	103
Final results:	16	14336	4096	3	0.5	509	230	115
Final results:	16	14336	4096	3	0.4	363	323	129
Final results:	16	14336	4096	3	0.3	251	467	140
Final results:	16	14336	4096	3	0.2	171	684	136
Final results:	16	14336	4096	3	0.1	100	1163	116
Final results:	16	14336	4096	3	0.09	93	1259	113
Final results:	16	14336	4096	3	0.08	85	1375	110
Final results:	16	14336	4096	3	0.07	77	1508	105
Final results:	16	14336	4096	3	0.06	69	1680	100
Final results:	16	14336	4096	3	0.05	62	1882	94
Final results:	16	14336	4096	3	0.04	54	2137	85
Final results:	16	14336	4096	3	0.03	46	2522	75
Final results:	16	14336	4096	3	0.02	36	3233	64
Final results:	16	14336	4096	3	0.01	26	4424	44
Final results:	16	14336	4096	2	1	272	430	430
Final results:	16	14336	4096	2	0.9	272	430	387
Final results:	16	14336	4096	2	0.8	272	430	344
Final results:	16	14336	4096	2	0.7	272	431	301
Final results:	16	14336	4096	2	0.6	272	431	258
Final results:	16	14336	4096	2	0.5	272	430	215
Final results:	16	14336	4096	2	0.4	272	430	172
Final results:	16	14336	4096	2	0.3	272	431	129
Final results:	16	14336	4096	2	0.2	272	431	86
Final results:	16	14336	4096	2	0.1	272	430	43
Final results:	16	14336	4096	2	0.09	272	430	38
Final results:	16	14336	4096	2	0.08	272	430	34
Final results:	16	14336	4096	2	0.07	272	431	30
Final results:	16	14336	4096	2	0.06	272	430	25
Final results:	16	14336	4096	2	0.05	272	431	21
Final results:	16	14336	4096	2	0.04	272	430	17
Final results:	16	14336	4096	2	0.03	272	430	12
Final results:	16	14336	4096	2	0.02	272	430	8
Final results:	16	14336	4096	2	0.01	272	430	4
Final results:	16	4096	14336	7	1	397	295	295
Final results:	16	4096	14336	7	0.9	362	324	291
Final results:	16	4096	14336	7	0.8	324	362	289
Final results:	16	4096	14336	7	0.7	291	402	282
Final results:	16	4096	14336	7	0.6	253	463	278
Final results:	16	4096	14336	7	0.5	217	540	270
Final results:	16	4096	14336	7	0.4	180	649	259
Final results:	16	4096	14336	7	0.3	144	813	244
Final results:	16	4096	14336	7	0.2	111	1049	209
Final results:	16	4096	14336	7	0.1	75	1546	154
Final results:	16	4096	14336	7	0.09	72	1627	146
Final results:	16	4096	14336	7	0.08	66	1761	140
Final results:	16	4096	14336	7	0.07	60	1939	135
Final results:	16	4096	14336	7	0.06	55	2097	125
Final results:	16	4096	14336	7	0.05	48	2413	120
Final results:	16	4096	14336	7	0.04	43	2671	106
Final results:	16	4096	14336	7	0.03	36	3224	96
Final results:	16	4096	14336	7	0.02	29	3977	79
Final results:	16	4096	14336	7	0.01	19	6171	61
Final results:	16	4096	14336	3	1	6429	18	18
Final results:	16	4096	14336	3	0.9	5392	21	19
Final results:	16	4096	14336	3	0.8	4295	27	21
Final results:	16	4096	14336	3	0.7	3316	35	24
Final results:	16	4096	14336	3	0.6	2454	47	28
Final results:	16	4096	14336	3	0.5	1731	67	33
Final results:	16	4096	14336	3	0.4	1118	104	41
Final results:	16	4096	14336	3	0.3	619	189	56
Final results:	16	4096	14336	3	0.2	289	405	81
Final results:	16	4096	14336	3	0.1	114	1022	102
Final results:	16	4096	14336	3	0.09	103	1139	102
Final results:	16	4096	14336	3	0.08	93	1261	100
Final results:	16	4096	14336	3	0.07	83	1409	98
Final results:	16	4096	14336	3	0.06	75	1561	93
Final results:	16	4096	14336	3	0.05	67	1743	87
Final results:	16	4096	14336	3	0.04	59	1982	79
Final results:	16	4096	14336	3	0.03	49	2351	70
Final results:	16	4096	14336	3	0.02	39	3002	60
Final results:	16	4096	14336	3	0.01	28	4167	41
Final results:	16	4096	14336	2	1	288	406	406
Final results:	16	4096	14336	2	0.9	288	406	365
Final results:	16	4096	14336	2	0.8	289	406	325
Final results:	16	4096	14336	2	0.7	289	406	284
Final results:	16	4096	14336	2	0.6	288	406	243
Final results:	16	4096	14336	2	0.5	288	406	203
Final results:	16	4096	14336	2	0.4	288	406	162
Final results:	16	4096	14336	2	0.3	288	406	121
Final results:	16	4096	14336	2	0.2	289	406	81
Final results:	16	4096	14336	2	0.1	289	405	40
Final results:	16	4096	14336	2	0.09	289	406	36
Final results:	16	4096	14336	2	0.08	288	406	32
Final results:	16	4096	14336	2	0.07	288	406	28
Final results:	16	4096	14336	2	0.06	288	406	24
Final results:	16	4096	14336	2	0.05	288	406	20
Final results:	16	4096	14336	2	0.04	288	406	16
Final results:	16	4096	14336	2	0.03	289	405	12
Final results:	16	4096	14336	2	0.02	288	406	8
Final results:	16	4096	14336	2	0.01	288	406	4
Final results:	16	8192	28672	7	1	1612	291	291
Final results:	16	8192	28672	7	0.9	1458	322	289
Final results:	16	8192	28672	7	0.8	1312	357	286
Final results:	16	8192	28672	7	0.7	1150	408	285
Final results:	16	8192	28672	7	0.6	1006	466	280
Final results:	16	8192	28672	7	0.5	845	555	277
Final results:	16	8192	28672	7	0.4	687	683	273
Final results:	16	8192	28672	7	0.3	539	870	261
Final results:	16	8192	28672	7	0.2	394	1189	237
Final results:	16	8192	28672	7	0.1	264	1774	177
Final results:	16	8192	28672	7	0.09	246	1908	171
Final results:	16	8192	28672	7	0.08	225	2081	166
Final results:	16	8192	28672	7	0.07	204	2302	161
Final results:	16	8192	28672	7	0.06	180	2607	156
Final results:	16	8192	28672	7	0.05	156	2993	149
Final results:	16	8192	28672	7	0.04	132	3539	141
Final results:	16	8192	28672	7	0.03	106	4401	132
Final results:	16	8192	28672	7	0.02	80	5849	116
Final results:	16	8192	28672	7	0.01	55	8513	85
Final results:	16	8192	28672	3	1	49064	9	9
Final results:	16	8192	28672	3	0.9	40810	11	10
Final results:	16	8192	28672	3	0.8	32667	14	11
Final results:	16	8192	28672	3	0.7	25282	18	13
Final results:	16	8192	28672	3	0.6	18949	24	14
Final results:	16	8192	28672	3	0.5	13372	35	17
Final results:	16	8192	28672	3	0.4	8704	53	21
Final results:	16	8192	28672	3	0.3	5003	93	28
Final results:	16	8192	28672	3	0.2	2347	200	40
Final results:	16	8192	28672	3	0.1	693	677	67
Final results:	16	8192	28672	3	0.09	587	799	71
Final results:	16	8192	28672	3	0.08	493	951	76
Final results:	16	8192	28672	3	0.07	406	1154	80
Final results:	16	8192	28672	3	0.06	346	1355	81
Final results:	16	8192	28672	3	0.05	285	1643	82
Final results:	16	8192	28672	3	0.04	237	1980	79
Final results:	16	8192	28672	3	0.03	194	2420	72
Final results:	16	8192	28672	3	0.02	143	3270	65
Final results:	16	8192	28672	3	0.01	83	5633	56
Final results:	16	8192	28672	2	1	1087	432	432
Final results:	16	8192	28672	2	0.9	1087	432	388
Final results:	16	8192	28672	2	0.8	1087	432	345
Final results:	16	8192	28672	2	0.7	1087	432	302
Final results:	16	8192	28672	2	0.6	1086	432	259
Final results:	16	8192	28672	2	0.5	1087	431	215
Final results:	16	8192	28672	2	0.4	1087	432	172
Final results:	16	8192	28672	2	0.3	1086	432	129
Final results:	16	8192	28672	2	0.2	1087	432	86
Final results:	16	8192	28672	2	0.1	1087	432	43
Final results:	16	8192	28672	2	0.09	1086	432	38
Final results:	16	8192	28672	2	0.08	1087	432	34
Final results:	16	8192	28672	2	0.07	1087	432	30
Final results:	16	8192	28672	2	0.06	1087	432	25
Final results:	16	8192	28672	2	0.05	1087	432	21
Final results:	16	8192	28672	2	0.04	1087	432	17
Final results:	16	8192	28672	2	0.03	1087	432	12
Final results:	16	8192	28672	2	0.02	1087	432	8
Final results:	16	8192	28672	2	0.01	1086	432	4
Final results:	16	11008	4096	7	1	321	280	280
Final results:	16	11008	4096	7	0.9	306	293	264
Final results:	16	11008	4096	7	0.8	271	332	265
Final results:	16	11008	4096	7	0.7	248	363	254
Final results:	16	11008	4096	7	0.6	212	423	254
Final results:	16	11008	4096	7	0.5	185	486	243
Final results:	16	11008	4096	7	0.4	152	589	235
Final results:	16	11008	4096	7	0.3	117	765	229
Final results:	16	11008	4096	7	0.2	92	970	194
Final results:	16	11008	4096	7	0.1	64	1405	140
Final results:	16	11008	4096	7	0.09	61	1472	132
Final results:	16	11008	4096	7	0.08	58	1547	123
Final results:	16	11008	4096	7	0.07	55	1637	114
Final results:	16	11008	4096	7	0.06	49	1839	110
Final results:	16	11008	4096	7	0.05	42	2146	107
Final results:	16	11008	4096	7	0.04	38	2334	93
Final results:	16	11008	4096	7	0.03	35	2576	77
Final results:	16	11008	4096	7	0.02	31	2844	56
Final results:	16	11008	4096	7	0.01	27	3234	32
Final results:	16	11008	4096	3	1	1308	68	68
Final results:	16	11008	4096	3	0.9	1131	79	71
Final results:	16	11008	4096	3	0.8	873	103	82
Final results:	16	11008	4096	3	0.7	681	132	92
Final results:	16	11008	4096	3	0.6	527	170	102
Final results:	16	11008	4096	3	0.5	393	229	114
Final results:	16	11008	4096	3	0.4	282	319	127
Final results:	16	11008	4096	3	0.3	196	458	137
Final results:	16	11008	4096	3	0.2	135	666	133
Final results:	16	11008	4096	3	0.1	81	1106	110
Final results:	16	11008	4096	3	0.09	75	1194	107
Final results:	16	11008	4096	3	0.08	69	1298	103
Final results:	16	11008	4096	3	0.07	63	1424	99
Final results:	16	11008	4096	3	0.06	57	1575	94
Final results:	16	11008	4096	3	0.05	51	1748	87
Final results:	16	11008	4096	3	0.04	45	1976	79
Final results:	16	11008	4096	3	0.03	39	2290	68
Final results:	16	11008	4096	3	0.02	31	2864	57
Final results:	16	11008	4096	3	0.01	24	3677	36
Final results:	16	11008	4096	2	1	212	424	424
Final results:	16	11008	4096	2	0.9	212	424	382
Final results:	16	11008	4096	2	0.8	212	425	340
Final results:	16	11008	4096	2	0.7	212	424	297
Final results:	16	11008	4096	2	0.6	212	425	255
Final results:	16	11008	4096	2	0.5	212	424	212
Final results:	16	11008	4096	2	0.4	212	424	169
Final results:	16	11008	4096	2	0.3	212	424	127
Final results:	16	11008	4096	2	0.2	212	425	85
Final results:	16	11008	4096	2	0.1	212	424	42
Final results:	16	11008	4096	2	0.09	212	423	38
Final results:	16	11008	4096	2	0.08	212	424	33
Final results:	16	11008	4096	2	0.07	212	424	29
Final results:	16	11008	4096	2	0.06	212	424	25
Final results:	16	11008	4096	2	0.05	212	424	21
Final results:	16	11008	4096	2	0.04	212	424	16
Final results:	16	11008	4096	2	0.03	212	424	12
Final results:	16	11008	4096	2	0.02	212	424	8
Final results:	16	11008	4096	2	0.01	212	424	4
Final results:	16	32000	4096	7	1	861	304	304
Final results:	16	32000	4096	7	0.9	817	320	288
Final results:	16	32000	4096	7	0.8	722	362	290
Final results:	16	32000	4096	7	0.7	653	401	280
Final results:	16	32000	4096	7	0.6	559	468	281
Final results:	16	32000	4096	7	0.5	477	549	274
Final results:	16	32000	4096	7	0.4	391	670	268
Final results:	16	32000	4096	7	0.3	298	879	263
Final results:	16	32000	4096	7	0.2	232	1126	225
Final results:	16	32000	4096	7	0.1	162	1611	161
Final results:	16	32000	4096	7	0.09	154	1693	152
Final results:	16	32000	4096	7	0.08	145	1799	143
Final results:	16	32000	4096	7	0.07	136	1922	134
Final results:	16	32000	4096	7	0.06	123	2126	127
Final results:	16	32000	4096	7	0.05	105	2481	124
Final results:	16	32000	4096	7	0.04	97	2698	107
Final results:	16	32000	4096	7	0.03	88	2966	89
Final results:	16	32000	4096	7	0.02	79	3310	66
Final results:	16	32000	4096	7	0.01	70	3733	37
Final results:	16	32000	4096	3	1	3759	69	69
Final results:	16	32000	4096	3	0.9	3247	80	72
Final results:	16	32000	4096	3	0.8	2499	104	83
Final results:	16	32000	4096	3	0.7	1937	135	94
Final results:	16	32000	4096	3	0.6	1496	175	105
Final results:	16	32000	4096	3	0.5	1114	235	117
Final results:	16	32000	4096	3	0.4	791	331	132
Final results:	16	32000	4096	3	0.3	543	482	144
Final results:	16	32000	4096	3	0.2	364	718	143
Final results:	16	32000	4096	3	0.1	204	1280	128
Final results:	16	32000	4096	3	0.09	187	1401	126
Final results:	16	32000	4096	3	0.08	169	1542	123
Final results:	16	32000	4096	3	0.07	152	1718	120
Final results:	16	32000	4096	3	0.06	134	1942	116
Final results:	16	32000	4096	3	0.05	118	2210	110
Final results:	16	32000	4096	3	0.04	102	2567	102
Final results:	16	32000	4096	3	0.03	84	3103	93
Final results:	16	32000	4096	3	0.02	61	4240	84
Final results:	16	32000	4096	3	0.01	39	6670	66
Final results:	16	32000	4096	2	1	596	439	439
Final results:	16	32000	4096	2	0.9	596	439	395
Final results:	16	32000	4096	2	0.8	596	439	351
Final results:	16	32000	4096	2	0.7	596	439	307
Final results:	16	32000	4096	2	0.6	596	439	263
Final results:	16	32000	4096	2	0.5	596	439	219
Final results:	16	32000	4096	2	0.4	596	439	175
Final results:	16	32000	4096	2	0.3	596	439	131
Final results:	16	32000	4096	2	0.2	596	439	87
Final results:	16	32000	4096	2	0.1	596	439	43
Final results:	16	32000	4096	2	0.09	596	439	39
Final results:	16	32000	4096	2	0.08	596	439	35
Final results:	16	32000	4096	2	0.07	596	439	30
Final results:	16	32000	4096	2	0.06	596	439	26
Final results:	16	32000	4096	2	0.05	596	439	21
Final results:	16	32000	4096	2	0.04	596	439	17
Final results:	16	32000	4096	2	0.03	596	439	13
Final results:	16	32000	4096	2	0.02	596	439	8
Final results:	16	32000	4096	2	0.01	596	439	4
Final results:	16	20480	3584	7	1	501	292	292
Final results:	16	20480	3584	7	0.9	471	311	280
Final results:	16	20480	3584	7	0.8	433	338	271
Final results:	16	20480	3584	7	0.7	375	390	273
Final results:	16	20480	3584	7	0.6	335	437	262
Final results:	16	20480	3584	7	0.5	285	514	257
Final results:	16	20480	3584	7	0.4	228	641	256
Final results:	16	20480	3584	7	0.3	182	804	241
Final results:	16	20480	3584	7	0.2	136	1074	214
Final results:	16	20480	3584	7	0.1	99	1476	147
Final results:	16	20480	3584	7	0.09	95	1543	138
Final results:	16	20480	3584	7	0.08	90	1613	129
Final results:	16	20480	3584	7	0.07	83	1760	123
Final results:	16	20480	3584	7	0.06	71	2041	122
Final results:	16	20480	3584	7	0.05	66	2203	110
Final results:	16	20480	3584	7	0.04	62	2367	94
Final results:	16	20480	3584	7	0.03	56	2594	77
Final results:	16	20480	3584	7	0.02	51	2834	56
Final results:	16	20480	3584	7	0.01	45	3208	32
Final results:	16	20480	3584	3	1	1802	81	81
Final results:	16	20480	3584	3	0.9	1553	94	85
Final results:	16	20480	3584	3	0.8	1243	118	94
Final results:	16	20480	3584	3	0.7	993	147	103
Final results:	16	20480	3584	3	0.6	774	189	113
Final results:	16	20480	3584	3	0.5	575	255	127
Final results:	16	20480	3584	3	0.4	421	348	139
Final results:	16	20480	3584	3	0.3	305	479	143
Final results:	16	20480	3584	3	0.2	211	695	139
Final results:	16	20480	3584	3	0.1	121	1204	120
Final results:	16	20480	3584	3	0.09	112	1309	117
Final results:	16	20480	3584	3	0.08	102	1433	114
Final results:	16	20480	3584	3	0.07	92	1584	110
Final results:	16	20480	3584	3	0.06	83	1755	105
Final results:	16	20480	3584	3	0.05	74	1974	98
Final results:	16	20480	3584	3	0.04	65	2256	90
Final results:	16	20480	3584	3	0.03	53	2730	81
Final results:	16	20480	3584	3	0.02	41	3557	71
Final results:	16	20480	3584	3	0.01	29	5055	50
Final results:	16	20480	3584	2	1	357	411	411
Final results:	16	20480	3584	2	0.9	356	411	370
Final results:	16	20480	3584	2	0.8	356	411	329
Final results:	16	20480	3584	2	0.7	356	411	287
Final results:	16	20480	3584	2	0.6	356	411	246
Final results:	16	20480	3584	2	0.5	356	411	205
Final results:	16	20480	3584	2	0.4	356	411	164
Final results:	16	20480	3584	2	0.3	356	411	123
Final results:	16	20480	3584	2	0.2	357	411	82
Final results:	16	20480	3584	2	0.1	357	410	41
Final results:	16	20480	3584	2	0.09	356	411	37
Final results:	16	20480	3584	2	0.08	356	411	32
Final results:	16	20480	3584	2	0.07	357	410	28
Final results:	16	20480	3584	2	0.06	356	411	24
Final results:	16	20480	3584	2	0.05	356	411	20
Final results:	16	20480	3584	2	0.04	356	411	16
Final results:	16	20480	3584	2	0.03	356	411	12
Final results:	16	20480	3584	2	0.02	356	411	8
Final results:	16	20480	3584	2	0.01	356	411	4
Final results:	16	3584	18944	7	1	512	265	265
Final results:	16	3584	18944	7	0.9	463	292	263
Final results:	16	3584	18944	7	0.8	416	325	260
Final results:	16	3584	18944	7	0.7	368	368	258
Final results:	16	3584	18944	7	0.6	324	418	250
Final results:	16	3584	18944	7	0.5	278	487	243
Final results:	16	3584	18944	7	0.4	232	584	233
Final results:	16	3584	18944	7	0.3	183	740	222
Final results:	16	3584	18944	7	0.2	139	976	195
Final results:	16	3584	18944	7	0.1	93	1456	145
Final results:	16	3584	18944	7	0.09	86	1578	142
Final results:	16	3584	18944	7	0.08	80	1676	134
Final results:	16	3584	18944	7	0.07	74	1826	127
Final results:	16	3584	18944	7	0.06	66	2039	122
Final results:	16	3584	18944	7	0.05	57	2364	118
Final results:	16	3584	18944	7	0.04	50	2703	108
Final results:	16	3584	18944	7	0.03	41	3241	97
Final results:	16	3584	18944	7	0.02	33	4038	80
Final results:	16	3584	18944	7	0.01	21	6401	64
Final results:	16	3584	18944	3	1	9735	13	13
Final results:	16	3584	18944	3	0.9	8102	16	15
Final results:	16	3584	18944	3	0.8	6465	21	16
Final results:	16	3584	18944	3	0.7	5004	27	18
Final results:	16	3584	18944	3	0.6	3723	36	21
Final results:	16	3584	18944	3	0.5	2619	51	25
Final results:	16	3584	18944	3	0.4	1707	79	31
Final results:	16	3584	18944	3	0.3	988	137	41
Final results:	16	3584	18944	3	0.2	454	298	59
Final results:	16	3584	18944	3	0.1	160	843	84
Final results:	16	3584	18944	3	0.09	144	938	84
Final results:	16	3584	18944	3	0.08	126	1070	85
Final results:	16	3584	18944	3	0.07	111	1222	85
Final results:	16	3584	18944	3	0.06	97	1396	83
Final results:	16	3584	18944	3	0.05	84	1605	80
Final results:	16	3584	18944	3	0.04	73	1850	74
Final results:	16	3584	18944	3	0.03	61	2198	65
Final results:	16	3584	18944	3	0.02	47	2880	57
Final results:	16	3584	18944	3	0.01	31	4257	42
Final results:	16	3584	18944	2	1	335	404	404
Final results:	16	3584	18944	2	0.9	335	404	363
Final results:	16	3584	18944	2	0.8	335	404	323
Final results:	16	3584	18944	2	0.7	335	404	283
Final results:	16	3584	18944	2	0.6	335	404	242
Final results:	16	3584	18944	2	0.5	335	404	202
Final results:	16	3584	18944	2	0.4	335	404	161
Final results:	16	3584	18944	2	0.3	335	404	121
Final results:	16	3584	18944	2	0.2	335	404	80
Final results:	16	3584	18944	2	0.1	335	404	40
Final results:	16	3584	18944	2	0.09	335	404	36
Final results:	16	3584	18944	2	0.08	335	404	32
Final results:	16	3584	18944	2	0.07	335	404	28
Final results:	16	3584	18944	2	0.06	335	404	24
Final results:	16	3584	18944	2	0.05	335	404	20
Final results:	16	3584	18944	2	0.04	335	404	16
Final results:	16	3584	18944	2	0.03	335	404	12
Final results:	16	3584	18944	2	0.02	335	404	8
Final results:	16	3584	18944	2	0.01	335	404	4
Final results:	16	21504	7168	7	1	1022	301	301
Final results:	16	21504	7168	7	0.9	943	326	294
Final results:	16	21504	7168	7	0.8	839	367	293
Final results:	16	21504	7168	7	0.7	736	418	293
Final results:	16	21504	7168	7	0.6	640	481	288
Final results:	16	21504	7168	7	0.5	538	572	286
Final results:	16	21504	7168	7	0.4	444	694	277
Final results:	16	21504	7168	7	0.3	351	876	262
Final results:	16	21504	7168	7	0.2	253	1213	242
Final results:	16	21504	7168	7	0.1	172	1784	178
Final results:	16	21504	7168	7	0.09	163	1880	169
Final results:	16	21504	7168	7	0.08	154	1990	159
Final results:	16	21504	7168	7	0.07	140	2200	154
Final results:	16	21504	7168	7	0.06	123	2496	149
Final results:	16	21504	7168	7	0.05	112	2748	137
Final results:	16	21504	7168	7	0.04	99	3090	123
Final results:	16	21504	7168	7	0.03	77	3976	119
Final results:	16	21504	7168	7	0.02	66	4663	93
Final results:	16	21504	7168	7	0.01	54	5646	56
Final results:	16	21504	7168	3	1	8466	36	36
Final results:	16	21504	7168	3	0.9	7290	42	38
Final results:	16	21504	7168	3	0.8	5740	53	42
Final results:	16	21504	7168	3	0.7	4368	70	49
Final results:	16	21504	7168	3	0.6	3074	100	60
Final results:	16	21504	7168	3	0.5	2087	147	73
Final results:	16	21504	7168	3	0.4	1345	229	91
Final results:	16	21504	7168	3	0.3	847	363	109
Final results:	16	21504	7168	3	0.2	464	663	132
Final results:	16	21504	7168	3	0.1	236	1305	130
Final results:	16	21504	7168	3	0.09	218	1408	126
Final results:	16	21504	7168	3	0.08	202	1524	121
Final results:	16	21504	7168	3	0.07	182	1684	117
Final results:	16	21504	7168	3	0.06	161	1905	114
Final results:	16	21504	7168	3	0.05	140	2201	110
Final results:	16	21504	7168	3	0.04	117	2612	104
Final results:	16	21504	7168	3	0.03	96	3204	96
Final results:	16	21504	7168	3	0.02	73	4176	83
Final results:	16	21504	7168	3	0.01	45	6778	67
Final results:	16	21504	7168	2	1	733	420	420
Final results:	16	21504	7168	2	0.9	733	420	378
Final results:	16	21504	7168	2	0.8	733	420	336
Final results:	16	21504	7168	2	0.7	733	420	294
Final results:	16	21504	7168	2	0.6	733	420	252
Final results:	16	21504	7168	2	0.5	733	420	210
Final results:	16	21504	7168	2	0.4	733	420	168
Final results:	16	21504	7168	2	0.3	733	420	126
Final results:	16	21504	7168	2	0.2	733	420	84
Final results:	16	21504	7168	2	0.1	733	420	42
Final results:	16	21504	7168	2	0.09	733	420	37
Final results:	16	21504	7168	2	0.08	733	420	33
Final results:	16	21504	7168	2	0.07	733	420	29
Final results:	16	21504	7168	2	0.06	733	420	25
Final results:	16	21504	7168	2	0.05	733	420	21
Final results:	16	21504	7168	2	0.04	733	420	16
Final results:	16	21504	7168	2	0.03	733	420	12
Final results:	16	21504	7168	2	0.02	733	420	8
Final results:	16	21504	7168	2	0.01	733	420	4
Final results:	16	7168	7168	7	1	351	292	292
Final results:	16	7168	7168	7	0.9	323	317	285
Final results:	16	7168	7168	7	0.8	289	355	284
Final results:	16	7168	7168	7	0.7	256	401	280
Final results:	16	7168	7168	7	0.6	225	455	273
Final results:	16	7168	7168	7	0.5	193	530	265
Final results:	16	7168	7168	7	0.4	161	635	254
Final results:	16	7168	7168	7	0.3	129	793	237
Final results:	16	7168	7168	7	0.2	97	1048	209
Final results:	16	7168	7168	7	0.1	67	1517	151
Final results:	16	7168	7168	7	0.09	64	1590	143
Final results:	16	7168	7168	7	0.08	61	1664	133
Final results:	16	7168	7168	7	0.07	56	1829	128
Final results:	16	7168	7168	7	0.06	49	2066	123
Final results:	16	7168	7168	7	0.05	45	2240	112
Final results:	16	7168	7168	7	0.04	41	2464	98
Final results:	16	7168	7168	7	0.03	32	3191	95
Final results:	16	7168	7168	7	0.02	26	3843	76
Final results:	16	7168	7168	7	0.01	21	4756	47
Final results:	16	7168	7168	3	1	2841	36	36
Final results:	16	7168	7168	3	0.9	2448	41	37
Final results:	16	7168	7168	3	0.8	1933	53	42
Final results:	16	7168	7168	3	0.7	1474	69	48
Final results:	16	7168	7168	3	0.6	1042	98	59
Final results:	16	7168	7168	3	0.5	712	144	72
Final results:	16	7168	7168	3	0.4	463	221	88
Final results:	16	7168	7168	3	0.3	293	349	104
Final results:	16	7168	7168	3	0.2	166	618	123
Final results:	16	7168	7168	3	0.1	89	1151	115
Final results:	16	7168	7168	3	0.09	83	1232	110
Final results:	16	7168	7168	3	0.08	77	1320	105
Final results:	16	7168	7168	3	0.07	71	1437	100
Final results:	16	7168	7168	3	0.06	64	1591	95
Final results:	16	7168	7168	3	0.05	57	1799	89
Final results:	16	7168	7168	3	0.04	49	2063	82
Final results:	16	7168	7168	3	0.03	41	2454	73
Final results:	16	7168	7168	3	0.02	34	2987	59
Final results:	16	7168	7168	3	0.01	24	4150	41
Final results:	16	7168	7168	2	1	254	403	403
Final results:	16	7168	7168	2	0.9	254	403	363
Final results:	16	7168	7168	2	0.8	254	403	323
Final results:	16	7168	7168	2	0.7	254	403	282
Final results:	16	7168	7168	2	0.6	254	403	242
Final results:	16	7168	7168	2	0.5	254	403	201
Final results:	16	7168	7168	2	0.4	254	403	161
Final results:	16	7168	7168	2	0.3	254	403	121
Final results:	16	7168	7168	2	0.2	254	403	80
Final results:	16	7168	7168	2	0.1	254	404	40
Final results:	16	7168	7168	2	0.09	254	404	36
Final results:	16	7168	7168	2	0.08	254	403	32
Final results:	16	7168	7168	2	0.07	254	403	28
Final results:	16	7168	7168	2	0.06	254	403	24
Final results:	16	7168	7168	2	0.05	254	403	20
Final results:	16	7168	7168	2	0.04	254	403	16
Final results:	16	7168	7168	2	0.03	254	403	12
Final results:	16	7168	7168	2	0.02	254	404	8
Final results:	16	7168	7168	2	0.01	254	403	4
Final results:	16	28672	7168	7	1	1352	303	303
Final results:	16	28672	7168	7	0.9	1252	328	295
Final results:	16	28672	7168	7	0.8	1113	369	295
Final results:	16	28672	7168	7	0.7	977	420	294
Final results:	16	28672	7168	7	0.6	849	483	290
Final results:	16	28672	7168	7	0.5	718	572	286
Final results:	16	28672	7168	7	0.4	587	699	279
Final results:	16	28672	7168	7	0.3	456	899	269
Final results:	16	28672	7168	7	0.2	334	1227	245
Final results:	16	28672	7168	7	0.1	227	1810	181
Final results:	16	28672	7168	7	0.09	214	1912	172
Final results:	16	28672	7168	7	0.08	202	2025	162
Final results:	16	28672	7168	7	0.07	184	2229	156
Final results:	16	28672	7168	7	0.06	163	2511	150
Final results:	16	28672	7168	7	0.05	148	2771	138
Final results:	16	28672	7168	7	0.04	129	3183	127
Final results:	16	28672	7168	7	0.03	100	4103	123
Final results:	16	28672	7168	7	0.02	85	4820	96
Final results:	16	28672	7168	7	0.01	70	5806	58
Final results:	16	28672	7168	3	1	11295	36	36
Final results:	16	28672	7168	3	0.9	9723	42	38
Final results:	16	28672	7168	3	0.8	7661	53	42
Final results:	16	28672	7168	3	0.7	5824	70	49
Final results:	16	28672	7168	3	0.6	4099	100	60
Final results:	16	28672	7168	3	0.5	2780	147	73
Final results:	16	28672	7168	3	0.4	1792	229	91
Final results:	16	28672	7168	3	0.3	1123	365	109
Final results:	16	28672	7168	3	0.2	612	671	134
Final results:	16	28672	7168	3	0.1	307	1335	133
Final results:	16	28672	7168	3	0.09	285	1439	129
Final results:	16	28672	7168	3	0.08	262	1568	125
Final results:	16	28672	7168	3	0.07	237	1731	121
Final results:	16	28672	7168	3	0.06	209	1963	117
Final results:	16	28672	7168	3	0.05	180	2271	113
Final results:	16	28672	7168	3	0.04	151	2714	108
Final results:	16	28672	7168	3	0.03	121	3375	101
Final results:	16	28672	7168	3	0.02	92	4432	88
Final results:	16	28672	7168	3	0.01	55	7371	73
Final results:	16	28672	7168	2	1	958	428	428
Final results:	16	28672	7168	2	0.9	958	428	386
Final results:	16	28672	7168	2	0.8	957	429	343
Final results:	16	28672	7168	2	0.7	957	429	300
Final results:	16	28672	7168	2	0.6	958	429	257
Final results:	16	28672	7168	2	0.5	958	429	214
Final results:	16	28672	7168	2	0.4	958	429	171
Final results:	16	28672	7168	2	0.3	958	429	128
Final results:	16	28672	7168	2	0.2	958	429	85
Final results:	16	28672	7168	2	0.1	958	428	42
Final results:	16	28672	7168	2	0.09	958	429	38
Final results:	16	28672	7168	2	0.08	958	429	34
Final results:	16	28672	7168	2	0.07	957	429	30
Final results:	16	28672	7168	2	0.06	958	428	25
Final results:	16	28672	7168	2	0.05	958	429	21
Final results:	16	28672	7168	2	0.04	957	429	17
Final results:	16	28672	7168	2	0.03	957	429	12
Final results:	16	28672	7168	2	0.02	957	429	8
Final results:	16	28672	7168	2	0.01	958	428	4
Final results:	16	7168	28672	7	1	1341	306	306
Final results:	16	7168	28672	7	0.9	1221	336	302
Final results:	16	7168	28672	7	0.8	1105	371	297
Final results:	16	7168	28672	7	0.7	960	427	299
Final results:	16	7168	28672	7	0.6	837	490	294
Final results:	16	7168	28672	7	0.5	704	583	291
Final results:	16	7168	28672	7	0.4	574	715	286
Final results:	16	7168	28672	7	0.3	452	908	272
Final results:	16	7168	28672	7	0.2	335	1225	245
Final results:	16	7168	28672	7	0.1	225	1822	182
Final results:	16	7168	28672	7	0.09	209	1963	176
Final results:	16	7168	28672	7	0.08	191	2146	171
Final results:	16	7168	28672	7	0.07	173	2374	166
Final results:	16	7168	28672	7	0.06	153	2673	160
Final results:	16	7168	28672	7	0.05	133	3081	154
Final results:	16	7168	28672	7	0.04	113	3624	144
Final results:	16	7168	28672	7	0.03	91	4469	134
Final results:	16	7168	28672	7	0.02	70	5860	117
Final results:	16	7168	28672	7	0.01	49	8248	82
Final results:	16	7168	28672	3	1	42937	9	9
Final results:	16	7168	28672	3	0.9	35674	11	10
Final results:	16	7168	28672	3	0.8	28603	14	11
Final results:	16	7168	28672	3	0.7	22118	18	13
Final results:	16	7168	28672	3	0.6	16537	24	14
Final results:	16	7168	28672	3	0.5	11749	34	17
Final results:	16	7168	28672	3	0.4	7612	53	21
Final results:	16	7168	28672	3	0.3	4373	93	28
Final results:	16	7168	28672	3	0.2	2049	200	40
Final results:	16	7168	28672	3	0.1	602	682	68
Final results:	16	7168	28672	3	0.09	510	804	72
Final results:	16	7168	28672	3	0.08	430	954	76
Final results:	16	7168	28672	3	0.07	354	1160	81
Final results:	16	7168	28672	3	0.06	300	1366	81
Final results:	16	7168	28672	3	0.05	250	1642	82
Final results:	16	7168	28672	3	0.04	210	1957	78
Final results:	16	7168	28672	3	0.03	171	2393	71
Final results:	16	7168	28672	3	0.02	127	3223	64
Final results:	16	7168	28672	3	0.01	74	5491	54
Final results:	16	7168	28672	2	1	956	429	429
Final results:	16	7168	28672	2	0.9	956	429	386
Final results:	16	7168	28672	2	0.8	956	429	343
Final results:	16	7168	28672	2	0.7	956	429	300
Final results:	16	7168	28672	2	0.6	956	429	257
Final results:	16	7168	28672	2	0.5	956	429	214
Final results:	16	7168	28672	2	0.4	956	429	171
Final results:	16	7168	28672	2	0.3	956	429	128
Final results:	16	7168	28672	2	0.2	956	429	85
Final results:	16	7168	28672	2	0.1	956	429	42
Final results:	16	7168	28672	2	0.09	956	429	38
Final results:	16	7168	28672	2	0.08	956	429	34
Final results:	16	7168	28672	2	0.07	956	429	30
Final results:	16	7168	28672	2	0.06	956	429	25
Final results:	16	7168	28672	2	0.05	956	429	21
Final results:	16	7168	28672	2	0.04	956	429	17
Final results:	16	7168	28672	2	0.03	956	429	12
Final results:	16	7168	28672	2	0.02	956	429	8
Final results:	16	7168	28672	2	0.01	956	429	4
Final results:	16	27648	9216	7	1	1666	305	305
Final results:	16	27648	9216	7	0.9	1552	328	295
Final results:	16	27648	9216	7	0.8	1375	370	296
Final results:	16	27648	9216	7	0.7	1199	424	297
Final results:	16	27648	9216	7	0.6	1044	487	292
Final results:	16	27648	9216	7	0.5	869	585	292
Final results:	16	27648	9216	7	0.4	707	719	287
Final results:	16	27648	9216	7	0.3	554	919	275
Final results:	16	27648	9216	7	0.2	408	1247	249
Final results:	16	27648	9216	7	0.1	272	1868	186
Final results:	16	27648	9216	7	0.09	259	1964	176
Final results:	16	27648	9216	7	0.08	235	2167	173
Final results:	16	27648	9216	7	0.07	214	2378	166
Final results:	16	27648	9216	7	0.06	197	2584	155
Final results:	16	27648	9216	7	0.05	167	3039	151
Final results:	16	27648	9216	7	0.04	147	3455	138
Final results:	16	27648	9216	7	0.03	122	4154	124
Final results:	16	27648	9216	7	0.02	90	5605	112
Final results:	16	27648	9216	7	0.01	73	6955	69
Final results:	16	27648	9216	3	1	18000	28	28
Final results:	16	27648	9216	3	0.9	15309	33	29
Final results:	16	27648	9216	3	0.8	12206	41	33
Final results:	16	27648	9216	3	0.7	9441	53	37
Final results:	16	27648	9216	3	0.6	6911	73	44
Final results:	16	27648	9216	3	0.5	4718	107	53
Final results:	16	27648	9216	3	0.4	2914	174	69
Final results:	16	27648	9216	3	0.3	1666	305	91
Final results:	16	27648	9216	3	0.2	881	578	115
Final results:	16	27648	9216	3	0.1	386	1318	131
Final results:	16	27648	9216	3	0.09	350	1455	130
Final results:	16	27648	9216	3	0.08	319	1594	127
Final results:	16	27648	9216	3	0.07	289	1759	123
Final results:	16	27648	9216	3	0.06	261	1951	117
Final results:	16	27648	9216	3	0.05	226	2253	112
Final results:	16	27648	9216	3	0.04	189	2692	107
Final results:	16	27648	9216	3	0.03	150	3380	101
Final results:	16	27648	9216	3	0.02	112	4543	90
Final results:	16	27648	9216	3	0.01	67	7494	74
Final results:	16	27648	9216	2	1	1172	434	434
Final results:	16	27648	9216	2	0.9	1172	434	391
Final results:	16	27648	9216	2	0.8	1172	434	347
Final results:	16	27648	9216	2	0.7	1172	434	304
Final results:	16	27648	9216	2	0.6	1172	434	260
Final results:	16	27648	9216	2	0.5	1172	434	217
Final results:	16	27648	9216	2	0.4	1172	434	173
Final results:	16	27648	9216	2	0.3	1172	434	130
Final results:	16	27648	9216	2	0.2	1172	434	86
Final results:	16	27648	9216	2	0.1	1172	434	43
Final results:	16	27648	9216	2	0.09	1172	434	39
Final results:	16	27648	9216	2	0.08	1172	434	34
Final results:	16	27648	9216	2	0.07	1172	434	30
Final results:	16	27648	9216	2	0.06	1172	434	26
Final results:	16	27648	9216	2	0.05	1172	434	21
Final results:	16	27648	9216	2	0.04	1172	434	17
Final results:	16	27648	9216	2	0.03	1172	434	13
Final results:	16	27648	9216	2	0.02	1172	434	8
Final results:	16	27648	9216	2	0.01	1172	434	4
Final results:	16	9216	9216	7	1	569	298	298
Final results:	16	9216	9216	7	0.9	521	325	293
Final results:	16	9216	9216	7	0.8	461	368	294
Final results:	16	9216	9216	7	0.7	410	413	289
Final results:	16	9216	9216	7	0.6	356	476	285
Final results:	16	9216	9216	7	0.5	299	567	283
Final results:	16	9216	9216	7	0.4	245	692	276
Final results:	16	9216	9216	7	0.3	193	877	263
Final results:	16	9216	9216	7	0.2	147	1153	230
Final results:	16	9216	9216	7	0.1	100	1696	169
Final results:	16	9216	9216	7	0.09	95	1773	159
Final results:	16	9216	9216	7	0.08	86	1952	156
Final results:	16	9216	9216	7	0.07	80	2107	147
Final results:	16	9216	9216	7	0.06	75	2262	135
Final results:	16	9216	9216	7	0.05	64	2649	132
Final results:	16	9216	9216	7	0.04	57	2952	118
Final results:	16	9216	9216	7	0.03	49	3430	102
Final results:	16	9216	9216	7	0.02	36	4716	94
Final results:	16	9216	9216	7	0.01	28	6020	60
Final results:	16	9216	9216	3	1	6016	28	28
Final results:	16	9216	9216	3	0.9	5117	33	29
Final results:	16	9216	9216	3	0.8	4081	41	33
Final results:	16	9216	9216	3	0.7	3159	53	37
Final results:	16	9216	9216	3	0.6	2317	73	43
Final results:	16	9216	9216	3	0.5	1585	107	53
Final results:	16	9216	9216	3	0.4	983	172	69
Final results:	16	9216	9216	3	0.3	566	299	89
Final results:	16	9216	9216	3	0.2	302	561	112
Final results:	16	9216	9216	3	0.1	138	1223	122
Final results:	16	9216	9216	3	0.09	127	1332	119
Final results:	16	9216	9216	3	0.08	117	1450	116
Final results:	16	9216	9216	3	0.07	107	1583	110
Final results:	16	9216	9216	3	0.06	97	1741	104
Final results:	16	9216	9216	3	0.05	86	1959	97
Final results:	16	9216	9216	3	0.04	73	2298	91
Final results:	16	9216	9216	3	0.03	60	2805	84
Final results:	16	9216	9216	3	0.02	47	3560	71
Final results:	16	9216	9216	3	0.01	32	5203	52
Final results:	16	9216	9216	2	1	407	416	416
Final results:	16	9216	9216	2	0.9	407	416	374
Final results:	16	9216	9216	2	0.8	408	416	333
Final results:	16	9216	9216	2	0.7	407	416	291
Final results:	16	9216	9216	2	0.6	407	416	249
Final results:	16	9216	9216	2	0.5	408	416	208
Final results:	16	9216	9216	2	0.4	407	416	166
Final results:	16	9216	9216	2	0.3	408	416	124
Final results:	16	9216	9216	2	0.2	407	416	83
Final results:	16	9216	9216	2	0.1	407	416	41
Final results:	16	9216	9216	2	0.09	407	416	37
Final results:	16	9216	9216	2	0.08	407	416	33
Final results:	16	9216	9216	2	0.07	407	416	29
Final results:	16	9216	9216	2	0.06	407	416	24
Final results:	16	9216	9216	2	0.05	407	416	20
Final results:	16	9216	9216	2	0.04	407	416	16
Final results:	16	9216	9216	2	0.03	408	416	12
Final results:	16	9216	9216	2	0.02	407	416	8
Final results:	16	9216	9216	2	0.01	407	416	4
Final results:	16	36864	9216	7	1	2220	305	305
Final results:	16	36864	9216	7	0.9	2066	328	295
Final results:	16	36864	9216	7	0.8	1823	372	298
Final results:	16	36864	9216	7	0.7	1596	425	298
Final results:	16	36864	9216	7	0.6	1392	488	292
Final results:	16	36864	9216	7	0.5	1156	587	293
Final results:	16	36864	9216	7	0.4	940	722	288
Final results:	16	36864	9216	7	0.3	729	931	279
Final results:	16	36864	9216	7	0.2	535	1269	253
Final results:	16	36864	9216	7	0.1	360	1885	188
Final results:	16	36864	9216	7	0.09	341	1991	179
Final results:	16	36864	9216	7	0.08	310	2191	175
Final results:	16	36864	9216	7	0.07	282	2408	168
Final results:	16	36864	9216	7	0.06	258	2631	157
Final results:	16	36864	9216	7	0.05	220	3084	154
Final results:	16	36864	9216	7	0.04	192	3521	140
Final results:	16	36864	9216	7	0.03	159	4260	127
Final results:	16	36864	9216	7	0.02	118	5756	115
Final results:	16	36864	9216	7	0.01	94	7157	71
Final results:	16	36864	9216	3	1	23986	28	28
Final results:	16	36864	9216	3	0.9	20397	33	29
Final results:	16	36864	9216	3	0.8	16258	41	33
Final results:	16	36864	9216	3	0.7	12579	54	37
Final results:	16	36864	9216	3	0.6	9210	73	44
Final results:	16	36864	9216	3	0.5	6283	108	54
Final results:	16	36864	9216	3	0.4	3881	175	70
Final results:	16	36864	9216	3	0.3	2216	306	91
Final results:	16	36864	9216	3	0.2	1167	581	116
Final results:	16	36864	9216	3	0.1	508	1335	133
Final results:	16	36864	9216	3	0.09	463	1464	131
Final results:	16	36864	9216	3	0.08	422	1607	128
Final results:	16	36864	9216	3	0.07	381	1780	124
Final results:	16	36864	9216	3	0.06	341	1986	119
Final results:	16	36864	9216	3	0.05	298	2278	113
Final results:	16	36864	9216	3	0.04	246	2760	110
Final results:	16	36864	9216	3	0.03	194	3491	104
Final results:	16	36864	9216	3	0.02	144	4718	94
Final results:	16	36864	9216	3	0.01	85	7949	79
Final results:	16	36864	9216	2	1	1534	442	442
Final results:	16	36864	9216	2	0.9	1534	442	398
Final results:	16	36864	9216	2	0.8	1534	442	354
Final results:	16	36864	9216	2	0.7	1534	442	309
Final results:	16	36864	9216	2	0.6	1534	442	265
Final results:	16	36864	9216	2	0.5	1534	442	221
Final results:	16	36864	9216	2	0.4	1534	442	177
Final results:	16	36864	9216	2	0.3	1534	442	132
Final results:	16	36864	9216	2	0.2	1534	442	88
Final results:	16	36864	9216	2	0.1	1534	442	44
Final results:	16	36864	9216	2	0.09	1534	442	39
Final results:	16	36864	9216	2	0.08	1534	442	35
Final results:	16	36864	9216	2	0.07	1534	442	31
Final results:	16	36864	9216	2	0.06	1534	442	26
Final results:	16	36864	9216	2	0.05	1534	442	22
Final results:	16	36864	9216	2	0.04	1534	442	17
Final results:	16	36864	9216	2	0.03	1534	442	13
Final results:	16	36864	9216	2	0.02	1534	442	8
Final results:	16	36864	9216	2	0.01	1534	442	4
Final results:	16	9216	36864	7	1	2189	310	310
Final results:	16	9216	36864	7	0.9	2082	326	293
Final results:	16	9216	36864	7	0.8	1861	364	291
Final results:	16	9216	36864	7	0.7	1632	416	291
Final results:	16	9216	36864	7	0.6	1397	486	291
Final results:	16	9216	36864	7	0.5	1151	590	295
Final results:	16	9216	36864	7	0.4	924	735	294
Final results:	16	9216	36864	7	0.3	689	984	295
Final results:	16	9216	36864	7	0.2	513	1321	264
Final results:	16	9216	36864	7	0.1	348	1951	195
Final results:	16	9216	36864	7	0.09	324	2091	188
Final results:	16	9216	36864	7	0.08	296	2289	183
Final results:	16	9216	36864	7	0.07	267	2540	177
Final results:	16	9216	36864	7	0.06	238	2850	171
Final results:	16	9216	36864	7	0.05	206	3298	164
Final results:	16	9216	36864	7	0.04	172	3942	157
Final results:	16	9216	36864	7	0.03	139	4886	146
Final results:	16	9216	36864	7	0.02	101	6695	133
Final results:	16	9216	36864	7	0.01	69	9842	98
Final results:	16	9216	36864	3	1	88712	7	7
Final results:	16	9216	36864	3	0.9	73428	9	8
Final results:	16	9216	36864	3	0.8	59023	11	9
Final results:	16	9216	36864	3	0.7	45838	14	10
Final results:	16	9216	36864	3	0.6	34348	19	11
Final results:	16	9216	36864	3	0.5	24353	27	13
Final results:	16	9216	36864	3	0.4	15917	42	17
Final results:	16	9216	36864	3	0.3	9178	74	22
Final results:	16	9216	36864	3	0.2	4260	159	31
Final results:	16	9216	36864	3	0.1	1211	560	56
Final results:	16	9216	36864	3	0.09	1015	668	60
Final results:	16	9216	36864	3	0.08	851	797	63
Final results:	16	9216	36864	3	0.07	688	987	69
Final results:	16	9216	36864	3	0.06	543	1249	74
Final results:	16	9216	36864	3	0.05	440	1540	77
Final results:	16	9216	36864	3	0.04	356	1904	76
Final results:	16	9216	36864	3	0.03	286	2374	71
Final results:	16	9216	36864	3	0.02	209	3238	64
Final results:	16	9216	36864	3	0.01	119	5682	56
Final results:	16	9216	36864	2	1	1538	441	441
Final results:	16	9216	36864	2	0.9	1538	441	397
Final results:	16	9216	36864	2	0.8	1538	441	353
Final results:	16	9216	36864	2	0.7	1539	441	309
Final results:	16	9216	36864	2	0.6	1539	441	264
Final results:	16	9216	36864	2	0.5	1539	441	220
Final results:	16	9216	36864	2	0.4	1538	441	176
Final results:	16	9216	36864	2	0.3	1538	441	132
Final results:	16	9216	36864	2	0.2	1539	441	88
Final results:	16	9216	36864	2	0.1	1538	441	44
Final results:	16	9216	36864	2	0.09	1538	441	39
Final results:	16	9216	36864	2	0.08	1538	441	35
Final results:	16	9216	36864	2	0.07	1539	441	30
Final results:	16	9216	36864	2	0.06	1539	441	26
Final results:	16	9216	36864	2	0.05	1538	441	22
Final results:	16	9216	36864	2	0.04	1539	441	17
Final results:	16	9216	36864	2	0.03	1538	441	13
Final results:	16	9216	36864	2	0.02	1538	441	8
Final results:	16	9216	36864	2	0.01	1538	441	4
Final results:	16	36864	12288	7	1	2967	305	305
Final results:	16	36864	12288	7	0.9	2744	330	297
Final results:	16	36864	12288	7	0.8	2419	374	299
Final results:	16	36864	12288	7	0.7	2155	420	294
Final results:	16	36864	12288	7	0.6	1838	492	295
Final results:	16	36864	12288	7	0.5	1537	589	294
Final results:	16	36864	12288	7	0.4	1235	733	293
Final results:	16	36864	12288	7	0.3	952	951	285
Final results:	16	36864	12288	7	0.2	698	1296	259
Final results:	16	36864	12288	7	0.1	469	1931	193
Final results:	16	36864	12288	7	0.09	440	2056	185
Final results:	16	36864	12288	7	0.08	400	2262	181
Final results:	16	36864	12288	7	0.07	364	2482	173
Final results:	16	36864	12288	7	0.06	321	2821	169
Final results:	16	36864	12288	7	0.05	283	3200	160
Final results:	16	36864	12288	7	0.04	238	3793	151
Final results:	16	36864	12288	7	0.03	196	4614	138
Final results:	16	36864	12288	7	0.02	146	6193	123
Final results:	16	36864	12288	7	0.01	104	8682	86
Final results:	16	36864	12288	3	1	42588	21	21
Final results:	16	36864	12288	3	0.9	35875	25	22
Final results:	16	36864	12288	3	0.8	28517	31	25
Final results:	16	36864	12288	3	0.7	21980	41	28
Final results:	16	36864	12288	3	0.6	16350	55	33
Final results:	16	36864	12288	3	0.5	11488	78	39
Final results:	16	36864	12288	3	0.4	7323	123	49
Final results:	16	36864	12288	3	0.3	3982	227	68
Final results:	16	36864	12288	3	0.2	1931	469	93
Final results:	16	36864	12288	3	0.1	736	1229	122
Final results:	16	36864	12288	3	0.09	658	1375	123
Final results:	16	36864	12288	3	0.08	584	1550	124
Final results:	16	36864	12288	3	0.07	515	1756	122
Final results:	16	36864	12288	3	0.06	455	1989	119
Final results:	16	36864	12288	3	0.05	396	2282	114
Final results:	16	36864	12288	3	0.04	337	2684	107
Final results:	16	36864	12288	3	0.03	265	3410	102
Final results:	16	36864	12288	3	0.02	190	4751	95
Final results:	16	36864	12288	3	0.01	114	7886	78
Final results:	16	36864	12288	2	1	2014	449	449
Final results:	16	36864	12288	2	0.9	2013	449	404
Final results:	16	36864	12288	2	0.8	2014	449	359
Final results:	16	36864	12288	2	0.7	2014	449	314
Final results:	16	36864	12288	2	0.6	2014	449	269
Final results:	16	36864	12288	2	0.5	2014	449	224
Final results:	16	36864	12288	2	0.4	2014	449	179
Final results:	16	36864	12288	2	0.3	2014	449	134
Final results:	16	36864	12288	2	0.2	2014	449	89
Final results:	16	36864	12288	2	0.1	2014	449	44
Final results:	16	36864	12288	2	0.09	2014	449	40
Final results:	16	36864	12288	2	0.08	2014	449	35
Final results:	16	36864	12288	2	0.07	2013	449	31
Final results:	16	36864	12288	2	0.06	2014	449	26
Final results:	16	36864	12288	2	0.05	2014	449	22
Final results:	16	36864	12288	2	0.04	2014	449	17
Final results:	16	36864	12288	2	0.03	2014	449	13
Final results:	16	36864	12288	2	0.02	2014	449	8
Final results:	16	36864	12288	2	0.01	2014	449	4
Final results:	16	12288	12288	7	1	999	302	302
Final results:	16	12288	12288	7	0.9	918	328	295
Final results:	16	12288	12288	7	0.8	812	371	297
Final results:	16	12288	12288	7	0.7	720	419	293
Final results:	16	12288	12288	7	0.6	614	491	294
Final results:	16	12288	12288	7	0.5	516	584	292
Final results:	16	12288	12288	7	0.4	419	719	287
Final results:	16	12288	12288	7	0.3	323	932	279
Final results:	16	12288	12288	7	0.2	243	1241	248
Final results:	16	12288	12288	7	0.1	164	1838	183
Final results:	16	12288	12288	7	0.09	155	1940	174
Final results:	16	12288	12288	7	0.08	141	2131	170
Final results:	16	12288	12288	7	0.07	130	2314	162
Final results:	16	12288	12288	7	0.06	115	2616	157
Final results:	16	12288	12288	7	0.05	103	2904	145
Final results:	16	12288	12288	7	0.04	88	3417	136
Final results:	16	12288	12288	7	0.03	74	4071	122
Final results:	16	12288	12288	7	0.02	57	5292	105
Final results:	16	12288	12288	7	0.01	40	7544	75
Final results:	16	12288	12288	3	1	14188	21	21
Final results:	16	12288	12288	3	0.9	11956	25	22
Final results:	16	12288	12288	3	0.8	9503	31	25
Final results:	16	12288	12288	3	0.7	7324	41	28
Final results:	16	12288	12288	3	0.6	5447	55	33
Final results:	16	12288	12288	3	0.5	3824	78	39
Final results:	16	12288	12288	3	0.4	2444	123	49
Final results:	16	12288	12288	3	0.3	1331	226	68
Final results:	16	12288	12288	3	0.2	651	463	92
Final results:	16	12288	12288	3	0.1	253	1193	119
Final results:	16	12288	12288	3	0.09	228	1323	119
Final results:	16	12288	12288	3	0.08	203	1482	118
Final results:	16	12288	12288	3	0.07	181	1659	116
Final results:	16	12288	12288	3	0.06	161	1866	111
Final results:	16	12288	12288	3	0.05	144	2097	104
Final results:	16	12288	12288	3	0.04	123	2438	97
Final results:	16	12288	12288	3	0.03	99	3021	90
Final results:	16	12288	12288	3	0.02	74	4047	80
Final results:	16	12288	12288	3	0.01	48	6170	61
Final results:	16	12288	12288	2	1	712	424	424
Final results:	16	12288	12288	2	0.9	711	424	381
Final results:	16	12288	12288	2	0.8	712	424	339
Final results:	16	12288	12288	2	0.7	712	423	296
Final results:	16	12288	12288	2	0.6	711	424	254
Final results:	16	12288	12288	2	0.5	711	424	212
Final results:	16	12288	12288	2	0.4	712	424	169
Final results:	16	12288	12288	2	0.3	711	424	127
Final results:	16	12288	12288	2	0.2	712	424	84
Final results:	16	12288	12288	2	0.1	712	424	42
Final results:	16	12288	12288	2	0.09	712	424	38
Final results:	16	12288	12288	2	0.08	711	424	33
Final results:	16	12288	12288	2	0.07	712	423	29
Final results:	16	12288	12288	2	0.06	712	424	25
Final results:	16	12288	12288	2	0.05	711	424	21
Final results:	16	12288	12288	2	0.04	712	424	16
Final results:	16	12288	12288	2	0.03	711	424	12
Final results:	16	12288	12288	2	0.02	712	424	8
Final results:	16	12288	12288	2	0.01	712	424	4
Final results:	16	49152	12288	7	1.0	 	 	 
Final results:	16	49152	12288	7	0.9	 	 	 
Final results:	16	49152	12288	7	0.8	 	 	 
Final results:	16	49152	12288	7	0.7	 	 	 
Final results:	16	49152	12288	7	0.6	 	 	 
Final results:	16	49152	12288	7	0.5	2031	594	297
Final results:	16	49152	12288	7	0.4	1640	736	294
Final results:	16	49152	12288	7	0.3	1262	956	286
Final results:	16	49152	12288	7	0.2	923	1307	261
Final results:	16	49152	12288	7	0.1	622	1939	193
Final results:	16	49152	12288	7	0.09	579	2084	187
Final results:	16	49152	12288	7	0.08	530	2276	182
Final results:	16	49152	12288	7	0.07	483	2498	174
Final results:	16	49152	12288	7	0.06	427	2828	169
Final results:	16	49152	12288	7	0.05	374	3226	161
Final results:	16	49152	12288	7	0.04	314	3843	153
Final results:	16	49152	12288	7	0.03	258	4680	140
Final results:	16	49152	12288	7	0.02	190	6324	126
Final results:	16	49152	12288	7	0.01	136	8820	88
Final results:	16	49152	12288	3	1.0	 	 	 
Final results:	16	49152	12288	3	0.9	 	 	 
Final results:	16	49152	12288	3	0.8	 	 	 
Final results:	16	49152	12288	3	0.7	 	 	 
Final results:	16	49152	12288	3	0.6	 	 	 
Final results:	16	49152	12288	3	0.5	15327	78	39
Final results:	16	49152	12288	3	0.4	9769	123	49
Final results:	16	49152	12288	3	0.3	5302	227	68
Final results:	16	49152	12288	3	0.2	2579	468	93
Final results:	16	49152	12288	3	0.1	984	1227	122
Final results:	16	49152	12288	3	0.09	876	1378	124
Final results:	16	49152	12288	3	0.08	775	1557	124
Final results:	16	49152	12288	3	0.07	685	1762	123
Final results:	16	49152	12288	3	0.06	604	1998	119
Final results:	16	49152	12288	3	0.05	526	2294	114
Final results:	16	49152	12288	3	0.04	444	2719	108
Final results:	16	49152	12288	3	0.03	348	3468	104
Final results:	16	49152	12288	3	0.02	248	4865	97
Final results:	16	49152	12288	3	0.01	146	8237	82
Final results:	16	49152	12288	2	1.0	 	 	 
Final results:	16	49152	12288	2	0.9	 	 	 
Final results:	16	49152	12288	2	0.8	 	 	 
Final results:	16	49152	12288	2	0.7	 	 	 
Final results:	16	49152	12288	2	0.6	 	 	 
Final results:	16	49152	12288	2	0.5	2656	454	227
Final results:	16	49152	12288	2	0.4	2658	454	181
Final results:	16	49152	12288	2	0.3	2658	454	136
Final results:	16	49152	12288	2	0.2	2658	454	90
Final results:	16	49152	12288	2	0.1	2658	454	45
Final results:	16	49152	12288	2	0.09	2658	454	40
Final results:	16	49152	12288	2	0.08	2658	454	36
Final results:	16	49152	12288	2	0.07	2658	454	31
Final results:	16	49152	12288	2	0.06	2658	454	27
Final results:	16	49152	12288	2	0.05	2658	454	22
Final results:	16	49152	12288	2	0.04	2658	454	18
Final results:	16	49152	12288	2	0.03	2658	454	13
Final results:	16	49152	12288	2	0.02	2658	454	9
Final results:	16	49152	12288	2	0.01	2660	454	4
Final results:	16	12288	49152	7	1.0	 	 	 
Final results:	16	12288	49152	7	0.9	 	 	 
Final results:	16	12288	49152	7	0.8	 	 	 
Final results:	16	12288	49152	7	0.7	 	 	 
Final results:	16	12288	49152	7	0.6	 	 	 
Final results:	16	12288	49152	7	0.5	2079	580	290
Final results:	16	12288	49152	7	0.4	1642	735	294
Final results:	16	12288	49152	7	0.3	1230	981	294
Final results:	16	12288	49152	7	0.2	902	1338	267
Final results:	16	12288	49152	7	0.1	631	1913	191
Final results:	16	12288	49152	7	0.09	590	2045	184
Final results:	16	12288	49152	7	0.08	541	2229	178
Final results:	16	12288	49152	7	0.07	490	2461	172
Final results:	16	12288	49152	7	0.06	435	2773	166
Final results:	16	12288	49152	7	0.05	374	3222	161
Final results:	16	12288	49152	7	0.04	313	3851	154
Final results:	16	12288	49152	7	0.03	247	4874	146
Final results:	16	12288	49152	7	0.02	178	6761	135
Final results:	16	12288	49152	7	0.01	115	10448	104
Final results:	16	12288	49152	3	1.0	 	 	 
Final results:	16	12288	49152	3	0.9	 	 	 
Final results:	16	12288	49152	3	0.8	 	 	 
Final results:	16	12288	49152	3	0.7	 	 	 
Final results:	16	12288	49152	3	0.6	 	 	 
Final results:	16	12288	49152	3	0.5	56180	21	10
Final results:	16	12288	49152	3	0.4	36882	32	13
Final results:	16	12288	49152	3	0.3	21370	56	16
Final results:	16	12288	49152	3	0.2	9906	121	24
Final results:	16	12288	49152	3	0.1	2794	432	43
Final results:	16	12288	49152	3	0.09	2324	519	46
Final results:	16	12288	49152	3	0.08	1897	636	50
Final results:	16	12288	49152	3	0.07	1526	791	55
Final results:	16	12288	49152	3	0.06	1202	1004	60
Final results:	16	12288	49152	3	0.05	896	1347	67
Final results:	16	12288	49152	3	0.04	670	1800	72
Final results:	16	12288	49152	3	0.03	519	2324	69
Final results:	16	12288	49152	3	0.02	375	3220	64
Final results:	16	12288	49152	3	0.01	207	5824	58
Final results:	16	12288	49152	2	1.0	 	 	 
Final results:	16	12288	49152	2	0.9	 	 	 
Final results:	16	12288	49152	2	0.8	 	 	 
Final results:	16	12288	49152	2	0.7	 	 	 
Final results:	16	12288	49152	2	0.6	 	 	 
Final results:	16	12288	49152	2	0.5	2665	453	226
Final results:	16	12288	49152	2	0.4	2667	452	181
Final results:	16	12288	49152	2	0.3	2667	452	135
Final results:	16	12288	49152	2	0.2	2667	452	90
Final results:	16	12288	49152	2	0.1	2667	452	45
Final results:	16	12288	49152	2	0.09	2667	452	40
Final results:	16	12288	49152	2	0.08	2667	452	36
Final results:	16	12288	49152	2	0.07	2667	452	31
Final results:	16	12288	49152	2	0.06	2667	452	27
Final results:	16	12288	49152	2	0.05	2667	452	22
Final results:	16	12288	49152	2	0.04	2667	452	18
Final results:	16	12288	49152	2	0.03	2667	452	13
Final results:	16	12288	49152	2	0.02	2667	452	9
Final results:	16	12288	49152	2	0.01	2667	452	4
